84 7 58 56 54 56 47 13 10
22 3 8 51 20
64 7 1 7 53 17 12 9 28
30 3 51 3 44
68 16 30 43 43 19 30 28 14 17 32 23 10 34 22 60 45 38
99 5 36 31 54 47 32
81 17 34 3 51 17 2 46 46 45 28 57 6 47 10 14 18 25 16
83 6 15 28 15 45 4 51
88 9 37 39 9 25 4 12 15 20 13
61 17 49 20 53 47 7 55 60 16 11 15 59 48 22 18 3 58 13
53 17 2 21 27 2 46 30 5 53 41 10 52 38 51 12 22 36 10
28 8 17 18 27 7 6 47 24 28
25 9 25 24 23 4 25 21 22 20 23
41 10 37 24 39 26 27 41 2 36 40 29
65 9 2 51 14 41 15 5 25 35 48
57 4 52 48 26 40
37 13 12 18 29 36 37 35 2 34 33 30 31 16 14
19 9 4 52 49 10 57 5 44 44 54
39 7 31 5 39 38 29 10 28
18 17 5 4 1 4 11 6 3 6 5 11 6 7 15 7 10 3 13
65 18 28 16 5 9 12 3 49 60 4 47 9 41 23 12 11 46 2 2
31 19 6 1 27 5 7 23 6 9 17 23 29 25 28 23 25 1 27 23 20
80 11 9 12 34 12 22 11 14 15 41 4 20
82 20 17 40 34 14 49 51 56 27 27 45 1 11 45 37 43 37 8 46 37 2
3 2 1 1
4 3 2 2 3
7 3 5 1 2
87 4 87 1 2 3
23 5 5 5 5 5 2
3 3 2 1 1
6 3 4 3 2
11 2 9 10
17 6 1 2 3 4 5 6
6 4 2 3 1 3
10 2 5 5
11 10 1 2 3 4 5 6 7 8 9 10
11 6 2 2 2 2 2 11