10
672 671
0 57 476
1 120 -589
2 87 -594
3 33 277
4 517 807
5 468 -465
6 240 461
7 256 633
8 343 -874
9 268 945
10 645 -717
11 314 460
12 516 273
13 362 -57
14 312 -266
15 366 982
17 638 -339
18 9 967
19 382 -226
20 105 687
21 176 -671
22 539 13
23 603 501
24 116 -51
25 246 -124
26 180 413
27 380 -552
28 222 -98
29 265 550
30 167 -695
31 96 704
32 335 463
33 189 149
34 306 -354
35 98 -484
36 351 -576
37 146 530
38 521 -679
39 199 -691
40 402 995
41 626 96
42 177 -884
43 150 -974
44 8 -579
45 438 -119
46 127 -234
47 559 -829
48 577 -137
49 649 -789
50 378 -413
51 211 817
52 449 59
53 124 28
54 281 -949
55 156 783
56 11 -382
57 253 83
58 643 926
59 283 -833
60 353 73
61 7 451
62 500 -822
63 200 -712
64 238 12
65 197 996
66 422 -398
67 290 905
68 80 483
69 92 506
70 247 -751
71 337 -100
72 531 -878
73 236 -255
74 202 29
75 282 905
76 270 612
77 412 54
78 407 -93
79 547 528
80 228 -338
81 50 748
82 226 122
83 579 193
84 308 -654
85 506 -332
86 42 -479
87 286 -680
88 149 17
89 628 855
90 184 127
91 397 -681
92 613 322
93 179 -618
94 162 -382
95 540 118
96 15 -958
97 346 937
98 163 -191
99 567 -805
100 259 185
101 115 349
102 617 498
103 220 -452
104 40 948
105 568 -332
106 297 -969
107 0 384
108 128 749
109 485 -448
110 421 273
111 157 -251
112 232 436
113 280 -382
114 16 -730
115 334 -954
116 60 -251
117 195 702
118 461 -672
119 563 -979
120 158 -432
121 499 -565
122 331 522
123 130 705
124 44 -970
125 61 629
126 633 590
127 551 -938
128 152 903
129 457 -442
130 317 -799
131 651 846
132 556 -666
133 545 737
134 367 773
135 279 -665
136 339 746
137 587 -466
138 550 907
139 414 -618
140 348 -966
141 360 831
142 237 -969
143 570 745
144 387 -420
145 536 -745
146 309 556
147 529 721
148 344 -919
149 541 438
150 46 -489
151 622 116
152 512 -141
153 132 933
154 452 534
155 330 -25
156 148 -864
157 596 -203
158 29 -175
159 164 -475
160 656 -364
161 392 476
162 188 402
163 252 834
164 52 -399
165 641 -742
166 210 861
167 496 39
168 51 179
169 544 233
170 469 -624
171 262 -853
172 292 -942
173 144 -115
174 526 357
175 274 844
176 619 -844
177 572 216
178 217 -428
179 298 -263
180 462 -240
181 444 311
182 525 -128
183 263 -242
184 17 332
185 114 -454
186 5 -961
187 358 -165
188 376 -888
189 45 -787
190 71 263
191 305 -324
192 655 -425
193 299 659
194 608 -924
195 231 292
196 216 936
197 361 89
198 319 569
199 589 379
200 564 260
201 168 -642
202 76 314
203 248 73
204 142 -351
205 581 -776
206 68 -164
207 171 453
208 528 765
209 440 28
210 518 -49
211 623 6
212 112 -559
213 233 33
214 155 -953
215 302 38
216 573 6
217 363 49
218 307 29
219 640 -90
220 133 544
221 418 -304
222 398 840
223 89 548
224 538 -38
225 275 55
226 2 -11
227 519 -342
228 446 129
229 389 -253
230 271 -395
231 41 309
232 18 220
233 609 -981
234 85 489
235 108 208
236 153 229
237 267 132
238 165 -741
239 554 -119
240 634 736
241 185 961
242 424 837
243 585 391
244 345 660
245 23 881
246 507 -668
247 428 687
248 59 -336
249 192 546
250 145 383
251 293 468
252 294 -142
253 611 515
254 504 812
255 451 -287
256 498 -403
257 652 1
258 405 -226
259 410 -251
260 183 -335
261 254 766
262 70 991
263 333 551
264 324 399
265 54 92
266 26 -37
267 91 173
268 135 895
269 576 -274
270 513 -109
271 631 602
272 630 -115
273 629 893
274 39 -138
275 635 -282
276 481 -910
277 249 717
278 583 160
279 590 -997
280 435 -395
281 533 -717
282 22 502
283 313 -746
284 494 -800
285 455 -744
286 227 -629
287 355 273
288 78 -800
289 373 450
290 340 -371
291 644 -14
292 491 -527
293 321 -757
294 12 -170
295 480 450
296 483 124
297 277 -186
298 234 533
299 502 -567
300 151 -366
301 520 -58
302 439 870
303 383 315
304 102 -157
305 415 928
306 349 -395
307 399 364
308 497 -457
309 219 -373
310 74 -778
311 261 714
312 207 680
313 287 -565
314 285 463
315 193 -259
316 598 -892
317 204 857
318 352 40
319 404 -885
320 316 631
321 244 481
322 434 -782
323 315 66
324 221 -467
325 475 -154
326 118 -802
327 543 -401
328 372 -707
329 582 -100
330 77 -264
331 178 -599
332 478 689
333 557 569
334 67 127
335 642 0
336 79 183
337 341 768
338 459 4
339 515 -267
340 129 -344
341 166 -346
342 445 600
343 555 549
344 606 -838
345 650 -543
346 417 -862
347 296 162
348 1 994
349 243 954
350 225 149
351 161 -291
352 600 -476
353 472 -179
354 592 -195
355 660 -463
356 607 893
357 669 616
358 182 -318
359 386 331
360 301 -388
361 371 668
362 492 313
363 194 876
364 58 -578
365 72 387
366 477 -542
367 318 171
368 484 -563
369 495 -406
370 174 256
371 562 100
372 514 -371
373 368 -491
374 21 -374
375 347 220
376 19 936
377 272 169
378 255 -3
379 419 413
380 354 -138
381 454 -773
382 3 -861
383 377 -270
384 532 328
385 610 -827
386 381 895
387 458 835
388 257 29
389 580 630
390 101 445
391 615 -336
392 430 56
393 456 196
394 375 72
395 614 -12
396 667 -684
397 508 -391
398 97 -529
399 511 -264
400 175 -581
401 473 -414
402 578 -951
403 86 -648
404 441 60
405 396 850
406 325 -788
407 565 642
408 365 -471
409 109 -742
410 406 -308
411 99 -953
412 37 -242
413 450 991
414 81 -374
415 111 -717
416 370 239
417 63 572
418 66 204
419 479 48
420 432 302
421 323 -714
422 369 -69
423 463 611
424 250 338
425 470 269
426 542 738
427 119 -704
428 530 -976
429 107 862
430 664 831
431 242 -992
432 170 376
433 160 829
434 212 -579
435 95 95
436 328 -357
437 523 -154
438 121 -950
439 84 -125
440 284 667
441 139 -701
442 295 185
443 65 706
444 393 -1000
445 448 -204
446 648 -822
447 100 285
448 53 93
449 653 -891
450 342 -858
451 510 234
452 30 757
453 637 -964
454 561 -800
455 24 -960
456 501 -583
457 665 392
458 38 650
459 48 -979
460 206 -419
461 241 -549
462 336 -237
463 636 -745
464 310 796
465 104 196
466 154 -883
467 28 -282
468 552 -437
469 90 -970
470 401 -203
471 214 49
472 524 -475
473 209 860
474 627 -900
475 131 -761
476 425 -875
477 103 -546
478 632 50
479 431 92
480 616 -60
481 575 -533
482 303 141
483 266 -246
484 621 -516
485 593 -256
486 390 215
487 223 -676
488 269 -25
489 429 -760
490 260 40
491 423 -944
492 391 301
493 604 344
494 123 -953
495 173 229
496 218 918
497 239 -402
498 493 -977
499 27 860
500 49 -158
501 447 -88
502 172 727
503 64 -195
504 639 -657
505 535 -577
506 125 -461
507 460 972
508 388 -530
509 395 702
510 258 867
511 196 -324
512 69 -2
513 117 817
514 278 -175
515 34 820
516 322 897
517 62 76
518 201 -248
519 385 -138
520 159 83
521 486 -242
522 126 762
523 566 -217
524 467 525
525 338 -598
526 43 -433
527 662 -571
528 659 255
529 618 233
530 505 -342
531 594 335
532 413 411
533 147 957
534 605 -30
535 490 -36
536 527 -227
537 186 498
538 625 806
539 215 -482
540 32 801
541 671 -808
542 329 121
543 136 -757
544 571 212
545 666 507
546 597 -363
547 357 689
548 558 742
549 20 23
550 311 -956
551 620 -185
552 601 -460
553 471 732
554 47 -471
555 658 -798
556 138 -877
557 230 -629
558 574 -412
559 93 -279
560 522 -333
561 384 930
562 663 935
563 670 614
564 416 338
565 437 216
566 420 401
567 560 -669
568 394 -453
569 213 866
570 10 204
571 75 786
572 113 -166
573 198 569
574 612 -123
575 205 379
576 464 -104
577 442 715
578 191 844
579 374 -256
580 36 -359
581 548 331
582 134 239
583 537 573
584 276 -82
585 647 696
586 83 234
587 553 633
588 264 120
589 14 91
590 110 913
591 595 -688
592 364 198
593 588 159
594 332 -484
595 476 35
596 400 -824
597 251 177
598 88 343
599 73 -261
600 13 787
601 465 -286
602 35 233
603 320 -904
604 591 349
605 235 -926
606 181 334
607 94 -11
608 409 -308
609 482 -503
610 55 -249
611 453 506
612 646 -671
613 503 202
614 569 -469
615 4 989
616 474 491
617 122 -616
618 426 -48
619 427 -834
620 224 -280
621 624 182
622 82 -984
623 657 -411
624 546 749
625 443 -546
626 245 964
627 487 -904
628 599 697
629 300 -767
630 586 582
631 291 717
632 304 -714
633 25 -455
634 229 -916
635 143 -15
636 327 53
637 379 825
638 169 400
639 137 629
640 433 -597
641 408 -647
642 489 -462
643 411 -863
644 668 -190
645 106 -48
646 288 -276
647 273 -989
648 350 119
649 549 897
650 534 3
651 6 -985
652 359 476
653 190 245
654 31 947
655 584 615
656 208 -38
657 289 -704
658 141 554
659 403 -61
660 140 -294
661 56 723
662 326 318
663 203 -238
664 187 -690
665 654 -392
666 436 937
667 602 842
668 661 167
669 488 733
670 466 -859
671 509 -486
627 626
0 608 -733
1 596 -883
2 256 -844
3 307 -279
4 492 387
5 253 -108
6 92 603
7 358 565
8 153 611
9 373 11
10 558 -983
11 188 840
12 555 328
13 25 -279
14 197 266
15 567 -338
16 138 -732
17 626 -818
18 419 -618
19 62 -657
20 303 253
21 284 898
22 235 762
23 27 486
24 365 -564
25 33 118
26 410 -953
27 158 196
28 605 652
29 557 -129
30 247 158
31 160 -345
32 335 -217
33 351 916
34 312 -972
35 219 -177
36 46 -558
37 104 -161
38 476 40
39 309 896
40 246 -77
41 189 486
42 218 345
43 581 276
44 341 426
45 270 736
46 599 409
47 468 928
48 190 -289
49 302 -969
50 427 29
51 286 -953
52 57 -488
53 574 -564
54 451 -377
55 554 -360
56 134 -173
57 573 469
58 600 234
59 368 -801
60 152 877
61 539 460
62 90 -778
63 203 -545
64 254 110
65 88 376
66 287 -953
67 494 945
68 541 772
69 4 978
70 623 -947
71 414 -358
72 580 -129
73 458 581
74 264 4
75 122 -936
76 8 -951
77 506 472
78 402 681
79 529 -948
80 106 452
81 200 -673
82 238 306
83 588 -856
84 322 58
85 616 -984
86 533 -921
87 342 -834
88 93 -212
89 479 -685
90 91 515
91 63 632
92 261 480
93 597 839
94 438 753
95 47 -678
96 609 793
97 257 -544
98 14 -621
99 44 -176
100 301 521
101 70 300
102 281 -783
103 383 -654
104 495 112
105 28 231
106 295 850
107 508 334
108 507 681
109 285 -703
110 245 685
111 327 178
112 502 494
113 575 -4
114 185 -226
115 443 93
116 80 -276
117 610 629
118 537 -40
119 121 -990
120 201 728
121 418 954
122 9 363
123 17 293
124 194 -237
125 165 204
126 548 -517
127 48 -166
128 214 -861
129 433 -854
130 501 -650
131 381 -935
132 208 -656
133 396 -105
134 292 -63
135 478 17
136 424 650
137 483 -606
138 146 794
139 606 967
140 85 869
141 276 709
142 490 -502
143 583 -797
144 255 273
145 578 -396
146 123 -679
147 535 690
148 454 302
149 283 -348
150 459 5
151 366 393
152 530 608
153 320 993
154 6 -905
155 142 -288
156 21 -125
157 310 512
158 463 542
159 156 -284
160 386 9
161 367 -172
162 289 864
163 313 -303
164 391 -73
165 394 -814
166 353 679
167 192 -632
168 69 -575
169 350 -617
170 132 -833
171 440 -443
172 601 656
173 514 900
174 318 858
175 363 245
176 447 501
177 58 -423
178 18 -40
179 55 880
180 196 113
181 525 157
182 2 -189
183 250 28
184 0 38
185 474 -61
186 237 -827
187 226 552
188 374 234
189 259 -114
190 398 -67
191 76 -357
192 179 452
193 59 -468
194 82 210
195 239 90
196 243 858
197 37 -103
198 445 -376
199 299 449
200 187 880
201 23 -718
202 515 327
203 95 741
204 431 -661
205 617 -97
206 389 236
207 41 111
208 618 909
209 230 678
210 620 435
211 278 211
212 563 -513
213 482 -344
214 547 760
215 67 838
216 528 528
217 167 -249
218 481 -790
219 144 44
220 552 -921
221 376 -887
222 505 159
223 361 -220
224 34 610
225 449 -183
226 94 -881
227 81 739
228 369 -159
229 452 375
230 216 144
231 65 144
232 87 999
233 408 557
234 425 -782
235 139 -63
236 83 -607
237 100 -580
238 421 -565
239 475 306
240 204 388
241 308 758
242 405 -418
243 356 -253
244 35 461
245 579 -114
246 119 -242
247 68 156
248 536 -747
249 300 -979
250 456 632
251 133 714
252 78 989
253 130 53
254 176 -936
255 587 -425
256 354 281
257 32 -393
258 344 267
259 430 -563
260 401 -267
261 467 948
262 619 -639
263 621 680
264 166 705
265 480 225
266 500 -458
267 435 491
268 352 553
269 466 704
270 582 686
271 378 893
272 39 151
273 202 -986
274 329 967
275 98 751
276 232 280
277 470 747
278 591 -215
279 464 -963
280 568 -623
281 551 861
282 415 588
283 400 278
284 51 809
285 304 757
286 209 -177
287 379 -572
288 346 720
289 382 640
290 137 325
291 115 972
292 267 30
293 149 -674
294 311 -230
295 64 3
296 604 -544
297 561 -676
298 461 824
299 595 867
300 193 -219
301 60 -793
302 432 218
303 319 763
304 437 780
305 550 -740
306 521 717
307 487 -651
308 385 -273
309 178 189
310 499 327
311 298 444
312 455 481
313 420 660
314 15 -148
315 486 -115
316 343 118
317 513 128
318 180 898
319 411 -953
320 349 -761
321 509 -777
322 559 385
323 224 -574
324 227 106
325 273 234
326 175 -942
327 564 -11
328 519 -47
329 102 -99
330 117 -189
331 29 -372
332 275 543
333 472 -735
334 74 -785
335 457 -665
336 54 130
337 53 85
338 206 68
339 428 952
340 163 -113
341 511 617
342 585 202
343 510 431
344 89 -696
345 221 223
346 66 -408
347 150 317
348 518 -978
349 549 678
350 444 803
351 72 755
352 611 909
353 291 313
354 236 -318
355 108 324
356 331 643
357 170 466
358 453 662
359 71 616
360 614 -622
361 210 -958
362 38 613
363 223 -21
364 362 391
365 50 447
366 181 -634
367 422 -124
368 429 496
369 439 -79
370 268 -473
371 263 -333
372 151 -986
373 339 -773
374 159 821
376 114 -541
377 393 176
378 305 -245
379 184 -153
380 126 -845
381 345 -316
382 446 920
383 407 -257
384 231 -591
385 120 -349
386 372 932
387 31 180
388 340 -567
389 128 -397
390 271 678
391 297 660
392 524 -125
393 333 -385
394 520 -812
395 107 120
396 426 -951
397 565 887
398 22 821
399 315 -690
400 571 -800
401 251 102
402 496 74
403 290 862
404 324 -301
405 412 705
406 215 354
407 3 -139
408 161 -611
409 109 -428
410 84 -20
411 279 -45
412 266 676
413 570 442
414 262 -965
415 249 370
416 43 -135
417 471 659
418 154 -910
419 73 886
420 598 -543
421 517 35
422 97 58
423 488 156
424 19 22
425 12 237
426 317 -143
427 306 -95
428 157 -975
429 491 -555
430 498 -210
431 274 815
432 217 747
433 371 -937
434 503 106
435 225 515
436 613 721
437 531 -602
438 562 -125
439 586 -853
440 145 -404
441 252 19
442 61 -267
443 594 -229
444 241 -774
445 334 344
446 280 -413
447 277 -311
448 79 -850
449 86 -688
450 42 -66
451 141 -684
452 473 -596
453 336 493
454 399 477
455 16 104
456 347 305
457 169 841
458 49 451
459 213 26
460 477 397
461 338 -57
462 390 -334
463 607 103
464 332 -726
465 168 -175
466 140 807
467 355 423
468 359 952
469 406 166
470 375 -910
471 7 694
472 174 284
473 404 -671
474 135 -743
475 337 851
476 212 -274
477 240 435
478 497 -245
479 553 376
480 602 -929
481 155 -978
482 110 -929
483 211 -674
484 590 296
485 380 -148
486 77 -799
487 186 -739
488 191 -459
489 395 -678
490 272 770
491 403 -777
492 294 351
493 326 -244
494 450 327
495 542 -731
496 321 -931
497 56 657
498 75 -708
499 105 -958
500 615 -405
501 99 79
502 325 600
503 387 917
504 442 -222
505 10 -389
506 124 19
507 45 -873
508 1 -283
509 423 568
510 560 47
511 265 -512
512 460 -515
513 20 -279
514 485 -837
515 538 -571
516 234 -62
517 377 947
518 436 271
519 233 213
520 269 482
521 242 65
522 116 877
523 593 -769
524 384 -150
525 172 -554
526 199 780
527 244 -525
528 532 -76
529 296 -278
530 566 -821
531 143 -84
532 205 -213
533 546 723
534 624 -363
535 118 685
536 164 562
537 96 875
538 397 -26
539 357 -938
540 592 -64
541 26 891
542 13 286
543 127 834
544 30 251
545 260 -629
546 577 -62
547 544 -477
548 129 141
549 545 2
550 556 -941
551 489 -273
552 364 571
553 392 903
554 24 -177
555 469 -863
556 416 -701
557 125 274
558 493 -272
559 523 -901
560 182 -995
561 526 411
562 534 -639
563 323 -226
564 131 -989
565 293 863
566 522 -148
567 576 682
568 222 761
569 348 269
570 625 456
571 370 -451
572 512 564
573 220 107
574 112 -640
575 589 -935
576 462 -246
577 36 780
578 177 -60
579 136 -812
580 248 -326
581 195 119
582 101 645
583 328 151
584 603 -936
585 543 -485
586 527 842
587 40 563
588 584 -967
589 540 801
590 409 184
591 314 325
592 228 -972
593 360 -694
594 622 43
595 569 915
596 516 702
597 148 908
598 147 495
599 162 -157
600 11 688
601 441 -988
602 388 626
603 484 234
604 229 -32
605 434 474
606 171 -686
607 173 301
608 113 -914
609 316 438
610 572 978
611 504 -676
612 330 -462
613 52 509
614 612 480
615 258 154
616 198 355
617 5 982
618 103 -758
619 448 -635
620 417 -718
621 413 -357
622 111 -185
623 183 -468
624 282 168
625 207 -267
626 288 -334
728 727
0 312 53
1 231 224
2 618 920
3 236 148
4 645 845
5 2 -607
6 334 -361
7 188 195
8 444 -214
9 546 -158
10 94 -237
11 424 128
12 36 -327
13 60 135
14 116 877
15 107 -217
16 76 -475
17 598 -733
18 644 -570
19 466 -515
20 155 4
21 459 -589
22 430 -303
23 722 -544
24 359 809
25 620 39
26 136 669
27 44 730
28 22 789
29 683 -197
30 675 284
31 327 -226
32 50 731
33 570 -517
34 166 858
35 64 716
36 578 615
37 651 -931
38 318 429
39 528 -81
40 126 343
41 30 -318
42 688 721
43 162 -592
44 491 -89
45 253 608
46 427 -387
47 284 507
48 277 -96
49 17 537
50 631 28
51 489 -299
52 527 390
53 630 837
54 201 -219
55 129 -690
56 445 -328
57 523 -775
58 508 -295
59 559 -391
60 401 336
61 605 89
62 46 -827
63 510 -829
64 220 -446
65 364 -372
66 70 -414
67 531 422
68 285 335
69 545 -463
70 499 677
71 339 -39
72 387 288
73 641 845
74 207 -406
75 192 -703
76 228 673
77 84 987
78 697 -477
79 25 -14
80 121 -124
81 679 694
82 59 -455
83 426 -790
84 500 797
85 440 -409
86 673 -708
87 238 -706
88 92 491
89 367 41
90 250 -86
91 265 -393
92 529 -430
93 222 32
94 128 -62
95 251 480
96 519 267
97 583 -723
98 40 581
99 71 275
100 125 -195
101 520 41
102 671 -824
103 473 -849
104 301 -661
105 213 927
106 336 362
107 560 -650
108 189 62
109 344 -784
110 351 -241
111 33 220
112 452 -48
113 289 -650
114 433 648
115 202 -548
116 85 -551
117 654 -282
118 215 -899
119 610 -43
120 298 957
121 237 -320
122 485 907
123 217 631
124 72 -168
125 81 68
126 497 -680
127 477 -722
128 24 -138
129 86 -115
130 416 -621
131 407 17
132 462 -215
133 680 2
134 20 656
135 438 -227
136 341 251
137 316 -270
138 87 3
139 615 -48
140 176 150
141 634 -708
142 135 -209
143 429 636
144 247 143
145 313 415
146 89 478
147 90 -921
148 322 -279
149 465 -265
150 7 -988
151 691 595
152 8 -105
153 366 647
154 150 -471
155 173 745
156 209 782
157 252 -880
158 488 387
159 117 297
160 286 247
161 41 -485
162 524 399
163 392 309
164 134 -906
165 602 882
166 536 828
167 181 -463
168 273 161
169 68 881
170 39 832
171 702 193
172 547 -42
173 93 506
174 104 -472
175 58 -852
176 403 -479
177 78 952
178 516 212
179 397 771
180 37 -453
181 270 71
182 175 -912
183 478 -71
184 114 382
185 443 -121
186 483 729
187 371 -762
188 642 -404
189 306 -913
190 163 841
191 303 -87
192 699 19
193 588 -490
194 113 303
195 379 520
196 720 210
197 395 -788
198 259 87
199 659 160
200 696 -204
201 721 547
202 660 -813
203 396 148
204 61 -888
205 556 127
206 390 134
207 279 -885
208 294 -378
209 311 682
210 596 -562
211 118 497
212 263 -835
213 716 392
214 655 -748
215 498 228
216 715 -689
217 55 -329
218 668 -993
219 567 367
220 649 859
221 669 392
222 246 -901
223 706 -18
224 686 -548
225 330 238
226 232 -856
227 171 392
228 153 1000
229 603 -722
230 304 945
231 616 -869
232 347 182
233 455 -884
234 674 -701
235 464 -431
236 198 -874
237 638 -463
238 18 -576
239 607 -936
240 43 329
241 152 27
242 15 -703
243 172 -676
244 127 -220
245 227 396
246 597 188
247 492 -592
248 288 243
249 159 -800
250 484 376
251 376 928
252 249 -195
253 581 293
254 552 737
255 709 741
256 514 12
257 73 931
258 319 356
259 146 -144
260 563 -710
261 281 -517
262 568 386
263 632 -393
264 119 -778
265 13 -275
266 353 -508
267 309 -671
268 197 -638
269 626 -119
270 321 426
271 505 684
272 62 164
273 608 403
274 625 744
275 482 524
276 211 -177
277 665 205
278 525 -666
279 537 849
280 350 -800
281 35 394
282 233 -719
283 169 -875
284 9 205
285 291 -216
286 167 148
287 694 -355
288 542 -317
289 240 227
290 254 -710
291 380 -118
292 456 -557
293 255 721
294 474 126
295 199 575
296 100 990
297 410 538
298 589 918
299 681 -208
300 115 609
301 422 -487
302 437 -234
303 148 285
304 357 739
305 705 41
306 551 -574
307 501 -299
308 409 -64
309 105 122
310 495 -319
311 3 783
312 225 792
313 621 858
314 652 -684
315 349 -413
316 361 -867
317 337 -152
318 539 257
319 38 564
320 544 -964
321 287 -761
322 714 -399
323 325 813
324 138 -887
325 174 -333
326 122 260
327 243 -156
328 472 -545
329 297 296
330 264 907
331 147 -167
332 11 905
333 521 -296
334 658 -298
335 469 -120
336 574 -233
337 572 69
338 558 643
339 317 916
340 77 682
341 449 34
342 475 -453
343 346 719
344 421 -356
345 31 -596
346 26 -446
347 307 458
348 479 752
349 170 279
350 96 77
351 12 691
352 329 -100
353 210 -741
354 99 729
355 533 -155
356 554 -3
357 56 -15
358 623 -329
359 183 730
360 82 208
361 354 888
362 565 -475
363 200 164
364 402 -130
365 628 246
366 518 243
367 332 929
368 88 197
369 399 -323
370 4 -144
371 725 -500
372 513 -396
373 42 232
374 470 74
375 726 20
376 224 405
377 214 -91
378 106 934
379 678 860
380 687 988
381 707 89
382 187 782
383 308 782
384 432 277
385 580 118
386 283 102
387 276 452
388 10 -820
389 408 -669
390 590 616
391 453 787
392 386 727
393 684 932
394 663 -922
395 32 -225
396 627 544
397 635 555
398 532 -904
399 594 652
400 132 -645
401 613 -516
402 54 -398
403 342 178
404 335 -72
405 463 -230
406 57 138
407 120 -560
408 458 -224
409 441 375
410 83 80
411 614 -126
412 713 240
413 711 820
414 576 827
415 290 -182
416 108 -80
417 16 -762
418 365 289
419 405 -239
420 352 190
421 269 -532
422 300 -374
423 80 853
424 619 233
425 509 727
426 258 578
427 708 697
428 1 -739
429 45 -115
430 282 532
431 692 -297
432 595 -25
433 586 491
434 324 372
435 144 848
436 435 847
437 502 752
438 219 186
439 564 924
440 451 -687
441 653 689
442 49 927
443 698 -946
444 507 493
445 656 -58
446 140 -653
447 538 -30
448 535 -480
449 515 -66
450 633 958
451 636 -602
452 65 -451
453 27 589
454 428 945
455 571 -507
456 646 -76
457 460 169
458 604 443
459 496 908
460 611 -802
461 141 -988
462 206 -795
463 447 285
464 476 682
465 356 -910
466 389 572
467 404 126
468 601 966
469 241 -972
470 661 -553
471 486 784
472 130 682
473 338 580
474 643 -92
475 693 -590
476 398 886
477 448 -752
478 672 895
479 442 -18
480 511 174
481 434 377
482 355 239
483 230 426
484 703 -908
485 506 -185
486 5 966
487 345 -536
488 592 -344
489 154 -700
490 101 -754
491 191 575
492 305 449
493 123 887
494 124 30
495 417 842
496 370 471
497 19 -663
498 381 -2
499 360 -465
500 436 824
501 461 -734
502 579 -730
503 161 -601
504 239 -783
505 624 447
506 718 -991
507 393 -731
508 468 -277
509 182 692
510 47 688
511 640 -413
512 394 757
513 557 -565
514 504 283
515 676 -523
516 662 -715
517 14 -540
518 700 211
519 340 -690
520 373 27
521 261 -890
522 112 996
523 275 -553
524 704 -27
525 323 -958
526 664 772
527 23 -889
528 190 518
529 480 -340
530 196 -451
531 368 -365
532 74 -292
533 599 151
534 343 -896
535 91 -342
536 639 -379
537 165 -998
538 186 -94
539 274 251
540 212 624
541 208 17
542 384 440
543 383 870
544 315 -690
545 573 -36
546 256 578
547 569 -281
548 494 284
549 244 753
550 216 -436
551 723 -794
552 278 947
553 137 498
554 111 -497
555 34 892
556 695 -42
557 194 -292
558 218 -482
559 271 44
560 143 -291
561 382 -196
562 372 -18
563 391 146
564 577 162
565 184 -473
566 617 -925
567 179 108
568 378 -491
569 133 -773
570 375 -555
571 374 486
572 295 -18
573 195 -707
574 412 354
575 540 -59
576 229 735
577 450 943
578 234 -218
579 667 773
580 53 -806
581 457 147
582 555 301
583 712 442
584 724 -199
585 131 -773
586 348 574
587 600 320
588 493 -119
589 512 582
590 431 591
591 266 -74
592 622 -675
593 97 980
594 103 661
595 503 840
596 411 480
597 543 -997
598 51 480
599 530 -188
600 710 -573
601 203 -94
602 362 -390
603 302 -422
604 310 -89
605 75 -326
606 164 -953
607 719 913
608 280 58
609 6 -263
610 584 527
611 235 898
612 467 -630
613 320 -429
614 647 530
615 149 -160
616 587 728
617 400 -567
618 548 770
619 717 791
620 142 363
621 177 699
622 139 779
623 168 -576
624 296 -883
625 66 -314
626 689 -957
627 582 -330
628 612 398
629 98 488
631 160 -78
632 268 -504
633 109 235
634 63 208
635 69 -653
636 151 830
637 328 -332
638 690 763
639 648 -874
640 257 561
641 331 -758
642 293 805
643 102 -346
644 193 -425
645 48 850
646 553 245
647 413 -890
648 593 27
649 260 234
650 157 732
651 549 -692
652 95 976
653 439 -350
654 517 129
655 550 -271
656 0 -292
657 637 684
658 420 699
659 575 -904
660 145 -293
661 657 152
662 471 -178
663 487 503
664 606 203
665 204 -955
666 562 177
667 158 -831
668 326 185
669 666 52
670 226 -32
671 245 162
672 333 -431
673 272 -533
674 541 441
675 677 931
676 248 -261
677 414 -372
678 358 918
679 682 -463
680 242 355
681 52 -985
682 419 722
683 585 291
684 385 678
685 522 -586
686 221 345
687 21 160
688 267 -320
689 406 186
690 180 65
691 561 -114
692 223 -781
693 423 -508
694 185 690
695 591 429
696 377 -342
697 110 32
698 418 -922
699 670 -959
700 685 -860
701 292 -417
702 29 -271
703 28 -678
704 566 -604
705 425 -967
706 79 276
707 67 -133
708 262 -523
709 490 -623
710 629 347
711 454 511
712 701 434
713 178 -960
714 415 -96
715 650 844
716 727 -107
717 363 -224
718 526 487
719 481 670
720 388 -589
721 314 -209
722 156 137
723 205 619
724 446 -812
725 534 -358
726 609 121
727 299 904
196 1215
0 160 -260
0 130 -42
0 165 -366
0 134 421
0 116 -364
0 191 -920
1 63 74
1 163 -265
1 100 -53
1 74 -440
1 14 -409
1 112 -830
1 59 721
1 31 786
2 14 279
2 144 -712
2 179 -584
2 117 -444
2 22 262
2 185 587
2 122 -820
2 187 750
3 6 -875
3 41 95
3 75 -801
3 78 -265
3 49 359
3 155 28
3 63 -234
4 96 187
4 35 -735
4 71 594
4 170 873
4 149 576
4 86 -489
4 190 -447
5 193 360
5 19 -778
5 75 -456
5 155 188
5 76 245
6 179 345
6 84 919
6 149 -102
6 116 -674
6 87 -226
6 186 566
6 156 -508
6 28 990
6 31 560
7 65 135
7 61 -123
7 78 -501
8 97 -372
8 163 -847
8 140 822
8 21 -51
8 57 -827
8 153 -5
9 164 231
9 102 -507
9 73 -682
9 114 296
9 19 32
9 94 -816
10 32 813
10 47 -244
10 48 58
10 147 987
10 115 -552
10 149 201
10 183 400
11 120 -670
11 163 -207
11 179 -503
11 69 599
11 14 453
12 8 140
12 137 -532
12 166 221
13 2 -201
13 4 972
13 39 818
13 116 23
13 52 454
13 151 -677
13 183 -584
14 129 -907
14 165 859
14 105 437
14 74 -986
14 108 -333
14 176 -683
14 52 -360
15 136 167
15 81 183
15 124 14
15 21 -344
15 54 -265
16 33 510
16 171 -526
16 14 188
16 127 -130
17 192 430
17 2 491
17 162 351
17 3 251
17 69 484
17 41 -600
17 27 552
17 125 -416
17 190 656
18 104 -14
18 73 636
18 147 784
18 172 220
18 142 -226
19 121 -734
19 122 66
19 171 -972
19 2 -254
19 103 -256
20 64 996
20 25 73
20 84 -659
20 6 -61
21 9 -129
21 81 -818
21 17 -288
21 54 845
21 119 316
21 154 192
22 168 -159
22 74 973
22 140 -664
22 143 -267
22 82 182
22 21 692
22 184 -99
23 42 -755
23 171 -172
23 75 514
23 109 -613
23 21 314
23 118 -739
23 182 682
23 123 -334
23 92 627
23 62 969
24 128 630
24 98 831
24 34 390
24 100 -857
24 5 880
24 45 -366
24 146 -459
24 19 -844
24 154 -692
25 100 633
25 70 -401
25 72 -4
25 15 -382
25 144 726
25 26 210
26 58 25
26 182 -12
27 129 -439
27 74 -312
27 112 319
27 148 180
27 117 -297
27 180 -834
27 152 85
27 95 -557
28 51 538
28 155 -991
28 190 -969
28 183 -512
29 104 524
29 9 -66
29 50 206
29 171 595
29 71 516
30 128 870
30 161 -431
30 194 -610
30 99 -719
30 35 -936
30 102 452
30 109 -329
30 174 524
30 53 876
30 59 582
30 29 -267
31 104 566
31 76 -157
31 179 -792
31 149 -846
31 150 886
31 120 810
31 25 159
32 160 -216
32 129 534
32 9 245
32 154 -271
33 32 -577
33 67 695
33 6 996
33 8 -655
33 80 -1000
33 49 -330
33 48 667
33 52 -177
33 154 401
33 91 178
34 131 651
34 70 -942
34 137 77
34 174 740
34 55 1000
34 29 -588
35 96 390
35 1 48
35 41 -517
35 12 -315
35 176 -378
35 126 -245
36 24 -211
36 161 -530
36 58 -512
36 166 418
37 56 198
37 80 32
37 74 32
37 75 409
37 5 -131
38 112 -691
38 88 -803
38 3 762
38 103 478
39 192 -209
39 161 -576
39 68 238
39 164 487
39 4 852
39 167 -534
39 37 81
39 191 -548
40 31 -785
40 191 627
40 10 852
40 20 -613
40 47 -438
41 96 -211
41 1 654
41 195 -590
41 6 -606
41 167 -247
41 139 -54
41 141 648
41 50 350
41 148 25
41 153 697
42 192 -404
42 194 742
42 37 181
42 80 725
42 82 -65
42 54 352
42 155 831
43 8 -118
43 178 -858
43 126 -447
44 1 -89
44 173 -678
44 79 93
44 150 123
44 55 457
44 151 -377
45 193 -251
45 101 302
45 75 329
45 114 370
45 90 502
45 59 -826
45 190 89
46 65 768
46 61 494
46 53 -126
46 190 -54
47 168 -530
47 48 168
47 70 255
48 96 114
48 104 655
48 177 -846
48 12 85
48 183 729
49 97 105
49 163 609
49 165 -561
49 142 -266
49 144 -978
49 18 105
49 23 573
49 94 -702
50 137 -170
50 18 -745
50 99 -492
50 172 -460
51 193 -95
51 194 764
51 2 257
51 167 914
51 172 -397
51 82 -796
51 118 758
51 156 -732
51 92 -423
51 63 137
52 120 45
52 91 121
52 60 -752
52 109 709
53 2 -22
53 68 -135
53 135 -244
53 20 97
53 150 356
53 122 244
54 133 -968
54 72 19
54 45 491
54 18 -435
54 115 -545
54 117 667
54 184 -352
54 88 680
55 96 69
55 160 18
55 135 -361
55 174 -18
55 18 842
55 86 433
55 61 273
56 39 698
56 55 376
56 131 815
56 51 495
56 175 566
57 69 149
57 139 -323
57 147 988
57 85 14
57 88 954
57 91 -35
57 92 -721
57 125 -393
58 128 778
58 70 542
58 168 -733
58 21 32
58 149 354
58 60 -649
59 96 737
59 34 364
59 67 -833
59 37 -658
59 136 -274
59 41 -642
59 21 102
59 63 -840
60 66 342
60 44 237
60 51 469
60 53 116
60 186 646
60 91 -402
60 125 526
61 195 884
61 4 -646
61 72 603
61 143 -374
61 150 340
61 87 17
62 192 226
62 136 -997
62 12 -747
62 47 -14
62 113 -924
62 158 200
63 166 -838
63 134 295
63 46 -355
63 85 865
63 56 -689
63 26 295
64 3 143
64 101 -495
64 133 -535
64 12 -223
64 85 -457
64 189 -319
65 32 577
65 105 237
65 140 -344
65 79 526
65 151 -967
65 123 932
66 103 766
66 105 -590
66 139 823
66 13 841
66 145 -259
66 184 575
66 153 -254
66 29 222
66 158 549
67 141 -706
67 50 675
67 56 71
67 90 447
67 61 148
67 94 -127
68 38 634
68 8 496
68 169 236
68 108 70
68 109 702
68 110 -980
69 0 480
69 41 372
69 23 85
69 89 280
69 123 449
69 188 832
69 94 293
70 98 99
70 69 978
70 107 968
70 109 -731
70 155 363
70 61 -696
71 137 909
71 17 548
71 68 -51
72 130 -91
72 74 724
72 34 -330
72 37 -796
72 93 711
73 128 254
73 195 -377
73 4 -912
73 176 842
73 146 -684
73 83 -941
73 53 -503
73 26 -463
74 1 -379
74 35 -529
74 172 850
74 144 -630
74 146 -477
74 25 774
75 102 738
75 85 -92
75 101 -571
75 15 -87
76 160 712
76 0 -591
76 135 -994
76 17 282
76 148 -903
76 117 927
76 183 -549
76 93 554
77 193 -27
77 154 319
77 139 452
77 35 856
78 193 799
78 130 -520
78 167 -514
78 10 -577
78 115 -270
78 58 -358
78 157 905
78 190 -490
79 41 522
79 162 -537
79 195 -774
79 65 -677
79 119 -647
80 79 426
80 50 264
80 131 706
80 157 -352
80 183 -81
81 0 522
81 2 -140
81 39 -186
81 7 -795
81 137 -485
81 76 -896
81 191 161
82 32 675
82 166 355
82 103 -724
82 173 339
82 89 -733
82 122 671
83 129 -459
83 194 793
83 137 -92
83 75 -336
83 142 203
83 18 548
83 52 691
83 158 -959
83 159 775
84 97 108
84 10 -888
84 178 614
84 114 800
84 21 111
84 22 784
84 152 193
84 123 23
84 187 439
85 36 -243
85 102 490
85 71 175
85 104 -19
85 47 -762
85 114 -302
85 181 -460
85 21 -226
85 88 778
85 123 -535
86 192 319
86 101 220
86 37 -236
86 41 167
86 13 -548
86 189 587
87 96 443
87 35 -627
87 67 -51
87 77 629
87 78 205
87 50 -363
87 89 -323
87 122 -134
87 153 -456
88 155 -143
88 12 251
88 77 443
88 60 28
88 47 244
89 40 823
89 80 607
89 116 617
89 86 -271
89 24 206
89 122 262
89 30 -126
90 191 -668
90 45 405
90 29 47
90 31 637
91 162 915
91 36 -662
91 14 -825
92 184 -682
92 9 -562
92 129 666
92 107 -372
92 119 -48
93 92 417
93 45 777
94 3 -10
94 176 737
94 115 -843
94 118 716
94 24 -172
94 187 -733
95 193 -882
95 1 948
95 70 489
95 43 -501
95 14 446
95 21 -398
95 157 99
96 33 78
96 162 962
96 167 -567
96 169 -107
96 56 -523
96 120 -534
96 27 -529
97 33 958
97 1 427
97 38 -702
97 71 457
97 72 316
97 82 346
97 153 -41
98 181 -546
98 61 518
98 149 278
99 128 437
99 64 644
99 130 -642
99 8 851
99 139 437
99 112 400
99 57 817
100 168 234
100 140 -775
101 2 -632
101 100 70
101 168 -111
101 12 612
101 81 -659
101 18 958
102 0 770
102 166 -646
102 110 797
102 144 -682
102 86 -839
102 25 -65
102 26 -302
102 125 -145
103 66 -569
103 98 317
103 71 742
103 135 -916
103 9 447
103 107 187
103 46 -738
103 20 814
103 55 376
103 187 -309
103 155 -466
104 75 -356
104 172 492
104 77 -556
104 111 -437
104 153 -41
104 156 998
105 133 -394
105 5 -804
105 166 245
105 144 465
105 177 124
105 21 -73
105 90 810
106 177 355
106 83 540
106 4 621
106 126 100
107 33 239
107 164 -700
107 6 -658
107 116 439
107 121 -879
107 155 -36
107 95 712
108 56 891
108 129 595
108 61 -886
109 163 -471
109 9 -551
109 169 990
109 11 453
109 18 -781
109 51 -372
109 95 -514
110 193 422
110 129 -973
110 35 312
110 134 446
110 16 78
110 118 -909
111 36 570
111 70 -979
111 10 661
111 45 -781
111 142 -104
111 52 -202
111 23 616
111 26 -672
112 192 -850
112 132 -478
112 9 -169
112 16 -872
112 146 436
112 53 436
112 123 680
113 128 -606
113 148 -539
113 165 -994
113 52 743
114 161 378
114 149 725
114 150 356
114 151 -485
114 92 556
114 188 865
115 65 442
115 103 -422
115 109 989
115 141 -21
115 154 166
115 60 21
115 126 631
116 66 814
116 19 -356
116 146 -837
116 165 744
117 34 -208
117 131 -288
117 100 -527
117 107 391
117 114 364
117 55 390
117 30 131
118 144 -669
118 18 -863
118 141 -221
118 158 949
118 126 -641
119 72 700
119 73 542
119 152 952
119 185 -980
119 154 525
119 159 -438
120 85 -527
120 62 -348
120 39 -486
121 71 -114
121 137 137
121 11 -476
121 139 402
121 44 -512
121 16 -683
122 42 -283
122 94 -361
122 142 591
123 129 912
123 193 939
123 99 437
123 138 -715
123 84 -629
123 182 561
124 103 977
124 4 389
124 92 514
124 6 -346
124 86 477
125 71 -779
125 171 576
125 44 399
125 175 -504
125 116 485
125 117 637
125 87 -271
125 56 621
125 124 -665
126 128 910
126 31 545
126 2 -273
126 195 -36
126 75 580
126 16 -222
126 23 -222
126 95 637
127 144 -91
127 130 274
127 140 662
127 164 -430
127 111 -90
128 3 351
128 135 -665
128 171 -676
128 44 738
128 107 -731
128 149 431
128 117 338
128 119 -302
129 132 -141
129 145 230
129 49 -267
129 82 358
129 52 -243
129 88 707
129 30 -524
130 88 978
130 147 -738
130 91 -549
130 117 -550
131 33 966
131 171 -575
131 4 713
131 164 -161
131 103 -266
132 37 -97
132 103 -204
132 135 257
132 138 491
132 142 -968
132 145 898
132 49 -979
132 122 306
132 189 -101
132 127 544
133 101 86
133 40 -86
133 11 -156
133 13 587
133 151 803
133 25 -246
133 90 -421
133 29 -693
134 96 -662
134 66 510
134 4 918
134 135 -837
134 171 383
134 179 887
134 180 991
134 85 -892
134 90 247
134 188 -791
134 125 -460
135 163 224
135 139 426
135 44 -260
135 184 38
135 121 -775
135 91 505
136 36 759
136 73 -936
136 46 191
136 18 976
136 19 -165
136 121 183
137 24 -507
137 113 -794
137 181 -104
137 15 -502
138 194 356
138 36 -800
138 134 -968
138 10 -54
138 118 -969
138 90 538
138 158 643
139 68 -851
139 8 101
139 174 320
139 17 917
139 178 39
139 85 369
139 56 141
139 154 691
139 60 709
139 188 78
140 99 396
140 111 -291
140 47 585
140 22 -698
140 121 -444
140 60 698
141 56 151
141 185 -426
141 147 -511
141 188 238
141 100 154
142 24 -48
142 77 581
142 182 917
142 45 -535
143 128 -326
143 0 -850
143 64 -366
143 69 -85
143 74 42
143 139 -964
143 116 -170
143 89 729
144 162 571
144 67 663
144 2 -353
144 72 -210
144 10 -568
144 171 -703
144 180 -194
145 7 59
145 138 904
145 60 -15
145 134 595
145 87 -47
146 192 495
146 68 397
146 70 -434
146 175 228
146 111 -130
146 83 -219
147 128 -717
147 161 453
147 100 -505
147 133 -210
147 80 -63
147 113 -99
147 83 -707
147 186 156
147 59 -563
147 122 250
148 61 436
148 82 531
148 53 -294
148 101 -446
148 182 436
149 1 -197
149 99 18
149 134 751
149 168 799
149 174 -23
149 82 -77
149 55 -212
149 152 -986
149 31 -681
150 96 113
150 2 -162
150 132 543
150 133 -133
150 7 897
150 82 893
150 89 813
151 17 995
151 58 -828
151 19 -740
151 76 191
152 108 -988
152 110 -829
152 190 422
153 132 258
153 137 292
153 74 -421
153 170 244
153 13 268
153 157 -203
153 190 -850
154 34 -4
154 137 377
154 17 275
154 18 -37
154 116 -848
154 149 -893
154 122 -643
155 65 430
155 19 -509
155 149 -266
155 181 -769
155 151 -106
156 144 918
156 122 -57
156 141 372
157 108 -60
157 149 -382
157 69 -633
157 61 378
158 192 14
158 116 -768
158 44 343
158 150 -418
158 188 -779
159 99 496
159 173 209
159 148 570
159 123 199
159 92 -616
159 61 -51
160 1 -571
160 101 288
160 135 -488
160 136 179
160 40 545
160 177 -370
160 180 80
160 62 -767
161 165 -762
161 174 -525
161 145 -775
161 17 -330
161 125 -25
161 62 -945
162 98 291
162 71 653
162 138 -267
162 11 562
162 176 697
162 182 -248
162 119 -202
162 25 -491
162 186 -364
162 159 116
163 144 278
163 33 782
163 91 -610
163 147 -999
164 80 151
164 176 424
164 40 754
164 132 630
164 167 -129
165 17 -784
165 35 546
165 183 43
166 33 -288
166 68 363
166 100 -734
166 134 246
166 6 263
166 8 -905
166 13 -707
166 89 124
167 130 413
167 5 -231
167 78 335
167 152 -762
167 26 -857
167 27 714
167 59 353
167 30 47
167 95 584
168 106 54
168 50 377
169 161 -433
169 130 990
169 69 -472
169 183 539
169 155 -620
169 94 -205
169 127 891
170 33 -865
170 66 713
170 107 874
170 76 -471
170 110 614
170 143 -661
170 18 -443
170 149 151
170 88 -126
170 155 -803
170 30 -406
171 163 -551
171 99 -128
171 131 -204
171 7 507
171 136 76
171 103 -454
171 170 41
171 181 872
171 58 -718
171 61 75
172 124 819
172 141 961
172 143 -458
173 42 -284
173 123 959
173 19 -711
173 29 878
174 34 -261
174 36 -347
174 107 924
174 46 143
174 143 290
174 145 -453
174 23 778
174 120 -379
174 124 -231
175 16 284
175 156 214
175 85 -298
175 4 357
176 195 448
176 3 713
176 167 -328
176 46 -303
176 81 88
176 153 130
177 16 265
177 19 -711
177 165 214
177 175 -934
178 71 -938
178 168 863
178 142 132
178 174 -424
178 148 225
178 55 -14
179 165 -677
179 102 418
179 136 273
179 140 1000
179 173 -590
179 176 763
179 50 974
179 18 413
179 117 -137
179 87 -13
179 27 560
179 63 464
180 194 985
180 44 974
180 62 833
180 14 -776
181 176 443
181 40 -736
181 156 -593
181 174 -919
181 111 867
182 2 208
182 43 103
182 45 331
182 47 196
182 81 144
182 20 804
183 128 969
183 97 -103
183 170 945
183 83 -261
184 30 -735
184 71 -566
184 98 266
184 62 213
184 111 -785
185 160 -740
185 131 -239
185 50 -344
185 22 -698
185 153 866
185 155 -759
186 103 -309
186 104 913
186 7 731
186 107 86
186 174 503
186 111 -929
186 144 -394
186 81 242
186 19 18
186 183 441
186 88 181
186 185 191
187 66 83
187 167 252
187 138 919
187 112 555
187 88 165
187 90 -555
188 129 209
188 173 -994
188 115 -931
188 20 221
188 183 451
188 24 251
189 100 133
189 169 -425
189 49 -272
189 147 221
189 84 369
189 89 -611
189 58 61
190 160 -64
190 131 738
190 165 -113
190 72 295
190 168 -447
190 43 766
190 145 465
190 83 -804
190 52 -247
190 125 -255
190 191 64
191 194 -943
191 28 -80
192 75 655
192 13 563
192 118 -814
192 15 176
193 137 -344
193 75 -439
193 115 561
193 23 186
193 124 -772
193 93 956
193 159 533
194 98 -97
194 37 -56
194 134 -861
194 45 115
194 84 469
194 93 289
194 29 806
195 129 -332
195 1 -185
195 170 657
195 177 319
195 49 888
195 152 608
712 711
0 107 -389
1 50 66
2 432 684
3 561 -520
4 242 -230
5 431 -98
6 556 837
7 515 531
8 140 886
9 448 -197
10 297 283
11 511 -997
12 42 -142
13 336 -836
14 215 -628
15 14 189
16 394 183
17 116 -467
18 301 -696
19 659 449
20 216 -529
21 26 -354
22 692 345
23 252 -806
24 415 -93
25 77 -447
26 118 -158
27 565 -107
28 579 -567
29 547 -407
30 151 120
31 12 -955
32 34 398
33 203 411
34 651 757
35 154 397
36 597 304
37 706 712
38 569 -554
39 355 427
40 324 -980
41 407 -135
42 707 847
43 387 -187
44 559 417
45 623 415
46 397 -452
47 73 574
48 671 615
49 103 133
50 411 885
51 378 391
52 580 303
53 80 902
54 638 -524
55 281 939
56 167 -521
57 10 525
58 690 586
59 174 38
60 25 235
61 634 -517
62 477 -367
63 36 -96
64 210 360
65 319 276
66 478 -935
67 32 -994
68 595 158
69 193 804
70 124 -621
71 313 93
72 637 -272
73 294 300
74 115 379
75 527 964
76 343 533
77 298 330
78 552 13
79 465 -641
80 534 677
81 312 -173
82 186 -665
83 645 256
84 322 -160
85 309 -612
86 190 -514
87 374 191
88 678 -985
89 453 74
90 88 -476
91 679 318
92 619 -91
93 278 571
94 255 773
95 640 179
96 236 719
97 299 -567
98 360 -388
99 282 786
100 195 677
101 19 -529
102 495 -558
103 23 -766
104 451 107
105 67 142
106 539 -91
107 466 -29
108 170 -837
109 1 -949
110 189 725
111 649 -289
112 53 145
113 401 844
114 624 594
115 421 -621
116 494 762
117 658 -788
118 168 -646
119 33 -848
120 546 369
121 246 -479
122 709 830
123 197 -914
124 621 -516
125 367 630
126 235 728
127 171 104
128 158 -324
129 574 158
130 481 -157
131 293 112
132 492 579
133 337 -37
134 108 901
135 484 -449
136 98 -923
137 310 450
138 390 -913
139 548 -878
140 277 -228
141 521 65
142 417 130
143 60 -194
144 122 6
145 687 36
146 675 -335
147 198 949
148 455 -941
149 406 886
150 328 -349
151 667 9
152 161 196
153 160 -680
154 457 261
155 630 343
156 513 -677
157 529 910
158 292 63
159 79 581
160 243 -565
161 100 335
162 120 856
163 615 857
164 256 -35
165 383 -326
166 664 259
167 689 -810
168 39 -226
169 400 -972
170 470 -926
171 74 641
172 207 645
173 237 810
174 153 -490
175 31 -184
176 683 -475
177 375 924
178 558 215
179 321 -247
180 123 658
181 493 858
182 469 58
183 180 -763
184 359 -38
185 176 -820
186 369 777
187 602 -681
188 377 -532
189 181 941
190 300 -944
191 333 0
192 130 506
193 231 -468
194 550 -389
195 633 164
196 485 832
197 342 794
198 551 -267
199 467 -349
200 156 815
201 95 64
202 395 -913
203 227 -868
204 475 -698
205 340 409
206 611 -517
207 416 -800
208 506 -590
209 92 951
210 586 724
211 40 699
212 601 -171
213 208 258
214 420 -560
215 454 -314
216 254 -258
217 128 -39
218 536 -651
219 269 342
220 458 -463
221 356 -468
222 440 368
223 230 -707
224 49 -439
225 350 31
226 162 354
227 357 332
228 64 -912
229 280 911
230 314 533
231 253 -632
232 178 756
233 526 -966
234 426 -781
235 196 -450
236 173 -406
237 304 861
238 149 757
239 288 -906
240 264 -907
241 612 422
242 267 661
243 102 796
244 5 -988
245 335 -113
246 109 -563
247 152 -849
248 137 798
249 704 -232
250 685 -34
251 219 -750
252 381 131
253 402 674
254 697 -111
255 222 663
256 35 525
257 179 942
258 308 491
259 201 513
260 584 603
261 563 -21
262 413 -546
263 262 -471
264 643 -588
265 306 325
266 491 912
267 199 646
268 598 521
269 238 -423
270 331 -271
271 604 -557
272 564 224
273 668 489
274 110 394
275 710 -952
276 163 804
277 442 984
278 396 -263
279 368 277
280 669 806
281 211 -828
282 693 -313
283 20 -569
284 68 680
285 650 -151
286 576 889
287 618 -346
288 166 -173
289 450 -159
290 61 -866
291 509 736
292 575 -316
293 437 284
294 711 -122
295 202 990
296 78 -71
297 388 671
298 139 -773
299 86 -724
300 476 -601
301 229 137
302 75 624
303 533 320
304 51 392
305 56 452
306 192 -360
307 443 -491
308 613 -11
309 691 515
310 441 -122
311 365 -638
312 581 167
313 480 292
314 41 -901
315 352 -954
316 126 -445
317 351 234
318 101 -650
319 627 -891
320 134 -278
321 29 858
322 663 542
323 460 774
324 701 -255
325 46 912
326 275 537
327 257 -148
328 183 -291
329 557 546
330 232 -600
331 247 -841
332 403 -562
333 268 -212
334 573 40
335 259 -85
336 449 229
337 261 -714
338 670 821
339 290 -654
340 444 108
341 157 -332
342 660 273
343 263 -623
344 514 -257
345 43 736
346 177 -944
347 28 366
348 473 690
349 518 -157
350 143 -321
351 72 -338
352 418 -582
353 427 -566
354 315 359
355 544 -951
356 363 -378
357 646 -125
358 391 -215
359 125 -275
360 63 -675
361 541 -112
362 55 -434
363 642 966
364 136 -922
365 185 310
366 609 -312
367 594 876
368 545 62
369 346 -124
370 94 45
371 54 -878
372 635 963
373 585 -20
374 599 617
375 500 -322
376 349 160
377 487 -864
378 376 -657
379 405 807
380 371 -990
381 145 455
382 504 348
383 682 63
384 622 346
385 48 236
386 344 69
387 389 644
388 657 127
389 276 -485
390 464 -111
391 439 -762
392 591 -265
393 93 -278
394 530 912
395 672 -680
396 132 -330
397 684 931
398 366 -676
399 605 646
400 274 190
401 311 893
402 662 60
403 430 154
404 543 405
405 532 431
406 200 -463
407 593 885
408 260 -144
409 82 -827
410 13 -377
411 582 990
412 508 370
413 652 -268
414 8 -687
415 705 966
416 653 -879
417 510 -743
418 507 299
419 213 991
420 520 105
421 578 -937
422 91 -337
423 96 892
424 549 -825
425 583 539
426 436 -707
427 483 -245
428 224 350
429 428 -668
430 146 -155
431 59 -675
432 285 155
433 681 -374
434 131 993
435 148 318
436 318 125
437 283 -751
438 90 -152
439 27 -78
440 603 403
441 677 365
442 76 -690
443 456 865
444 30 -838
445 284 -323
446 408 770
447 482 226
448 695 122
449 16 -919
450 338 -882
451 18 -88
452 266 -358
453 566 452
454 528 -98
455 172 -310
456 214 845
457 600 -201
458 317 715
459 44 418
460 7 976
461 296 -100
462 141 804
463 323 -661
464 106 -646
465 147 -761
466 326 -578
467 164 156
468 17 -805
469 700 -305
470 462 631
471 412 383
472 89 204
473 438 -118
474 182 617
475 461 -964
476 221 233
477 329 644
478 531 992
479 568 409
480 380 124
481 135 829
482 673 -466
483 144 665
484 419 979
485 512 370
486 676 -467
487 463 -312
488 471 66
489 66 -867
490 348 -267
491 121 636
492 498 -754
493 410 -284
494 525 -866
495 708 318
496 379 -440
497 702 -953
498 505 527
499 58 -277
500 535 -763
501 489 -886
502 24 30
503 384 -217
504 445 -858
505 104 629
506 113 349
507 429 321
508 688 617
509 204 -360
510 332 -651
511 138 -451
512 57 458
513 133 466
514 628 878
515 588 886
516 656 106
517 117 566
518 617 449
519 364 -215
520 632 -220
521 155 817
522 6 108
523 184 746
524 270 669
525 606 978
526 316 -272
527 286 821
528 614 -674
529 648 -831
530 52 -901
531 590 456
532 644 771
533 373 654
534 654 972
535 680 -891
536 265 -481
537 398 -374
538 516 65
539 105 179
540 596 -422
541 423 389
542 339 -722
543 592 335
544 273 871
545 248 -625
546 686 -468
547 223 -315
548 271 -47
549 22 676
550 625 397
551 217 8
552 289 138
553 354 253
554 240 133
555 425 -930
556 655 557
557 209 -821
558 497 596
559 524 568
560 226 -238
561 353 539
562 142 -99
563 362 -251
564 111 520
565 65 992
566 435 -462
568 555 -582
569 239 683
570 393 -386
571 399 843
572 479 -322
573 554 594
574 459 452
575 409 -555
576 233 864
577 38 509
578 291 -320
579 370 -596
580 699 890
581 665 537
582 325 412
583 3 -101
584 70 29
585 424 -489
586 191 -74
587 382 432
588 472 -527
589 206 501
590 327 -633
591 616 763
592 468 -8
593 386 698
594 372 721
595 159 743
596 571 -792
597 250 -626
598 540 825
599 433 -372
600 538 294
601 620 -129
602 517 -275
603 452 -270
604 175 -153
605 496 -21
606 47 -656
607 562 -259
608 320 151
609 434 814
610 488 -835
611 251 791
612 99 -15
613 194 238
614 358 35
615 385 -173
616 570 475
617 188 436
618 9 -374
619 414 894
620 641 606
621 537 -307
622 577 -264
623 361 439
624 307 -277
625 553 -625
626 85 -835
627 249 -856
628 560 224
629 519 696
630 474 -392
631 696 314
632 567 -482
633 127 502
634 629 -121
635 81 619
636 589 -687
637 661 -803
638 258 -431
639 303 -296
640 187 -760
641 607 7
642 11 851
643 542 -789
644 610 687
645 234 88
646 2 -493
647 87 952
648 129 513
649 345 -236
650 37 827
651 220 598
652 302 -772
653 572 885
654 334 533
655 97 -591
656 218 -346
657 84 414
658 608 -747
659 62 492
660 639 899
661 69 -115
662 503 439
663 150 -741
664 694 -613
665 422 -16
666 0 7
667 486 118
668 523 176
669 587 -157
670 647 -71
671 287 -404
672 666 -863
673 674 -742
674 228 -68
675 4 -271
676 114 129
677 330 925
678 631 505
679 522 884
680 499 -923
681 490 591
682 169 115
683 295 -482
684 119 697
685 279 -825
686 698 546
687 447 -115
688 305 790
689 404 248
690 636 -660
691 446 -513
692 347 160
693 626 -581
694 71 -865
695 21 -911
696 225 643
697 212 -33
698 272 265
699 341 -664
700 165 -893
701 241 66
702 244 -430
703 245 -816
704 703 67
705 392 -62
706 502 -320
707 45 300
708 83 -519
709 112 517
710 501 836
711 205 -283
723 722
0 691 911
1 63 622
2 494 582
3 490 563
4 154 -875
5 400 -398
6 75 608
7 404 -863
8 27 -41
9 137 -799
10 210 -135
11 96 830
12 338 -373
13 345 800
14 258 -830
15 40 -835
16 697 -810
17 447 -864
18 465 454
19 71 -613
20 598 601
21 599 -108
22 412 -65
23 588 -113
24 130 295
25 521 499
26 209 986
27 510 -442
28 152 442
29 402 120
30 10 483
31 227 713
32 31 225
33 690 72
34 517 587
35 586 -70
36 679 456
37 72 -169
38 526 -468
39 304 -558
40 220 953
41 531 -130
42 687 900
43 231 619
44 388 587
45 195 780
46 563 -210
47 398 -146
48 710 -680
49 471 -568
50 37 -640
51 609 -814
52 536 475
53 591 -378
54 82 663
55 311 796
56 233 335
57 623 -93
58 455 141
59 377 29
60 292 16
61 236 88
62 379 919
63 518 701
64 713 458
65 269 -954
66 493 -314
67 26 -303
68 141 -900
69 215 753
70 80 214
71 49 782
72 688 -763
73 617 728
74 426 -177
75 360 437
76 512 -672
77 116 -536
78 387 -886
79 218 -793
80 491 784
81 161 -841
82 267 -987
83 540 -361
84 129 -935
85 101 -623
86 334 642
87 322 -570
88 454 -276
89 393 810
90 530 -572
91 64 -545
92 14 -755
93 174 308
94 146 -942
95 709 -533
96 83 843
97 56 41
98 436 680
99 110 393
100 123 524
101 668 359
102 228 560
103 62 665
104 664 680
105 561 179
106 568 440
107 682 923
108 361 892
109 30 -683
110 44 -33
111 619 164
112 452 296
113 390 -216
114 378 249
115 316 -425
116 13 252
117 343 -674
118 114 540
119 474 -161
120 444 34
121 654 37
122 703 28
123 578 187
124 461 -227
125 570 -615
126 66 198
127 263 413
128 189 420
129 147 784
130 165 44
131 495 -209
132 170 29
133 634 -129
134 656 472
135 212 -193
136 539 -731
137 276 -663
138 211 -682
139 449 -413
140 446 -667
141 622 618
142 184 223
143 577 -585
144 475 -774
145 139 716
146 18 405
147 487 -667
148 366 -754
149 203 318
150 673 -602
151 280 -760
152 556 -762
153 711 112
154 112 74
155 520 -354
156 640 590
157 653 571
158 54 -505
159 356 -56
160 348 205
161 278 158
162 720 -541
163 575 -442
164 300 153
165 73 -703
166 268 532
167 28 83
168 625 -612
169 352 698
170 648 -452
171 349 703
172 477 346
173 194 829
174 427 152
175 678 -295
176 0 -691
177 414 -69
178 607 -392
179 177 -33
180 77 -166
181 42 962
182 168 89
183 9 886
184 370 -520
185 484 -491
186 621 272
187 94 -39
188 113 386
189 611 -422
190 608 52
191 98 723
192 32 433
193 399 946
194 376 -509
195 435 955
196 580 -34
197 74 -734
198 295 662
199 216 888
200 217 -112
201 409 -353
202 527 -703
203 48 618
204 308 68
205 716 -667
206 232 119
207 525 862
208 250 998
209 284 -590
210 551 299
211 717 -225
212 479 -544
213 39 919
214 597 42
215 365 950
216 459 -43
217 121 -913
218 511 -554
219 549 -807
220 505 871
221 287 -674
222 676 680
223 424 -497
224 201 927
225 297 81
226 675 -145
227 134 746
228 246 452
229 244 550
230 603 -852
231 386 -565
232 261 -703
233 162 -366
234 375 -678
235 326 -433
236 579 -132
237 289 989
238 106 341
239 6 -106
240 317 626
241 164 957
242 667 -274
243 21 650
244 397 -173
245 309 611
246 275 -916
247 283 832
248 486 -292
249 171 -738
250 91 -55
251 547 244
252 590 -59
253 363 -314
254 382 146
255 438 -406
256 45 -529
257 2 -486
258 681 139
259 222 804
260 364 -746
261 67 674
262 413 -779
263 273 38
264 659 24
265 310 432
266 381 -763
267 156 -839
268 68 754
269 502 -836
270 418 -45
271 507 -633
272 615 -62
273 700 -85
274 320 630
275 323 239
276 272 -423
277 11 -24
278 401 -388
279 704 -715
280 698 308
281 158 -775
282 636 218
283 178 892
284 57 723
285 180 852
286 535 -936
287 142 -635
288 712 40
289 652 517
290 430 536
291 604 470
292 498 -740
293 279 773
294 245 46
295 119 812
296 504 7
297 257 -326
298 432 -586
299 140 -883
300 321 -558
301 282 -300
302 576 232
303 339 -190
304 638 138
305 605 839
306 256 521
307 144 -357
308 686 -322
309 208 -744
310 359 -913
311 522 -203
312 34 -311
313 383 888
314 485 471
315 694 244
316 542 -248
317 685 -698
318 677 -866
319 593 294
320 5 -960
321 572 -709
322 149 -247
323 602 -464
324 294 -825
325 90 151
326 553 -889
327 492 -235
328 600 -693
329 239 -203
330 680 -65
331 325 592
332 557 -2
333 15 55
334 663 -846
335 291 759
336 515 496
337 234 -832
338 574 911
339 340 611
340 331 711
341 562 -281
342 665 -190
343 301 222
344 135 770
345 509 709
346 153 469
347 506 888
348 133 -982
349 559 830
350 313 -200
351 150 671
352 200 -970
353 358 485
354 407 -923
355 107 962
356 503 239
357 29 406
358 417 -240
359 347 -192
360 448 343
361 666 926
362 136 484
363 247 -607
364 132 517
365 684 438
366 324 -242
367 88 -405
368 205 -298
369 327 696
370 103 222
371 410 613
372 260 916
373 434 388
374 185 -689
375 354 -454
376 357 -903
377 33 -100
378 264 822
379 374 693
380 683 94
381 543 -77
382 238 -330
383 60 363
384 131 136
385 451 -461
386 516 -528
387 105 -596
388 440 926
389 191 794
390 124 -230
391 628 64
392 176 -966
393 120 700
394 58 536
395 155 -14
396 270 999
397 303 645
398 78 899
399 12 417
400 499 74
401 84 729
402 61 -588
403 627 801
404 385 -701
405 350 -51
406 175 5
407 445 -941
408 672 -500
409 464 444
410 433 664
411 182 264
412 538 385
413 235 991
414 190 613
415 329 -411
416 145 -701
417 565 -32
418 368 569
419 537 34
420 187 -996
421 389 732
422 560 415
423 626 -642
424 669 -324
425 157 -364
426 467 -556
427 181 934
428 125 558
429 523 -366
430 584 819
431 544 -921
432 472 -825
433 415 666
434 541 524
435 127 70
436 513 -614
437 533 -731
438 99 -714
439 65 66
440 337 -722
441 159 826
442 646 -210
443 422 -8
444 456 58
445 705 -429
446 47 313
447 718 470
448 695 675
449 17 -547
450 613 990
451 519 -48
452 567 503
453 632 628
454 302 -774
455 702 -299
456 16 -895
457 642 120
458 466 286
459 93 492
460 117 -575
461 115 491
462 481 792
463 585 638
464 151 970
465 86 48
466 392 -246
467 288 -304
468 163 -156
469 76 479
470 204 326
471 480 -267
472 242 -203
473 428 715
474 612 -972
475 252 954
476 618 165
477 38 -541
478 408 -462
479 196 -329
480 524 -729
481 262 -982
482 20 -125
483 552 350
484 442 374
485 305 802
486 545 896
487 274 19
488 462 436
489 198 -988
490 85 -770
491 126 -415
492 629 698
493 437 257
494 8 -201
495 330 -916
496 4 888
497 637 475
498 69 475
499 601 399
500 193 -458
501 87 -931
502 468 -595
503 699 -110
504 173 -380
505 1 87
506 367 395
507 369 9
508 722 763
509 70 -675
510 555 -276
511 192 -458
512 439 938
513 122 -755
514 229 764
515 307 -530
516 416 -77
517 425 605
518 371 -771
519 336 -23
520 534 -909
521 51 -988
522 186 609
523 478 511
524 458 124
525 391 943
526 614 446
527 528 -619
528 431 717
529 707 -185
530 581 -725
531 569 493
532 469 201
533 592 -899
534 213 -882
535 79 -436
536 453 876
537 441 348
538 693 625
539 277 -788
540 22 57
541 463 979
542 670 -886
543 24 -661
544 109 -37
545 658 159
546 148 176
547 573 -936
548 319 -107
550 641 -718
551 290 -676
552 380 -332
553 237 -387
554 160 -577
555 651 970
556 341 -348
557 207 628
558 631 551
559 36 -391
560 25 296
561 395 132
562 97 -316
563 19 -289
564 3 -371
565 420 -153
566 421 938
567 43 977
568 419 -795
569 92 738
570 299 580
571 635 -458
572 355 490
573 706 0
574 564 453
575 566 224
576 714 19
577 202 -374
578 224 -627
579 128 767
580 230 428
581 328 808
582 660 -965
583 423 -956
584 624 -58
585 403 721
586 610 361
587 715 -762
588 650 783
589 183 -160
590 595 -744
591 411 299
592 197 -477
593 405 630
594 179 60
595 214 628
596 241 64
597 500 -848
598 550 617
599 546 -707
600 384 -866
601 596 -882
602 643 768
603 529 -774
604 255 -825
605 286 261
606 172 -594
607 496 723
608 514 578
609 259 -488
610 221 582
611 482 839
612 226 -942
613 692 -377
614 344 -390
615 55 578
616 104 -805
617 362 -680
618 219 -839
619 298 797
620 394 -754
621 620 616
622 532 -780
623 443 654
624 108 -402
625 188 -68
626 587 -40
627 271 -620
628 81 320
629 571 119
630 248 -992
631 243 702
632 696 786
633 206 452
634 589 617
635 265 -521
636 661 -274
637 50 797
638 644 824
639 52 911
640 396 -941
641 35 997
642 606 698
643 470 -865
644 89 -460
645 249 -528
646 558 -675
647 111 826
648 169 554
649 457 309
650 657 -339
651 23 469
652 312 -992
653 223 -811
654 199 -972
655 616 750
656 351 116
657 296 427
658 59 -878
659 662 -534
660 497 -328
661 647 -2
662 689 537
663 489 -55
664 473 -72
665 46 -858
666 7 257
667 118 -71
668 633 958
669 225 427
670 701 -561
671 630 437
672 95 -785
673 266 731
674 240 -365
675 460 -819
676 335 595
677 501 26
678 342 842
679 476 -282
680 671 404
681 293 -89
682 53 -518
683 41 157
684 649 -635
685 306 19
686 143 317
687 483 749
688 167 -220
689 285 256
690 332 -909
691 254 -258
692 251 -90
693 674 -223
694 406 913
695 138 692
696 102 325
697 315 896
698 353 627
699 719 -806
700 346 -936
701 655 -184
702 594 -475
703 488 -417
704 554 -412
705 450 962
706 708 -90
707 639 -595
708 645 -18
709 372 -401
710 281 -475
711 429 -930
712 166 687
713 373 113
714 314 35
715 582 -953
716 548 -757
717 253 -825
718 318 -880
719 333 -718
720 100 -123
721 583 -10
722 721 342
392 391
0 359 889
1 283 -22
2 145 979
3 377 -275
4 352 96
5 322 -438
6 285 -605
7 3 -66
8 296 676
9 57 511
10 58 -873
11 267 251
12 37 334
13 313 -278
14 295 -390
15 112 -132
16 43 -718
17 243 963
18 272 -595
19 26 35
20 301 446
21 183 225
22 4 56
23 91 -882
24 17 382
25 69 -195
26 215 575
27 207 492
28 79 -862
29 12 -94
30 384 787
31 318 100
32 290 -420
33 109 -561
34 337 750
35 176 301
36 7 140
37 73 -101
38 66 744
39 165 142
40 38 686
41 280 986
42 214 -883
43 249 -149
44 23 147
45 294 -597
46 152 -547
47 257 -595
48 153 -284
49 347 358
50 212 -836
51 174 102
52 162 -291
53 94 -212
54 374 943
55 47 -735
56 286 -667
57 46 864
58 216 -850
59 259 -112
60 372 -700
61 225 218
62 127 -487
63 147 -173
64 137 -296
65 274 242
66 59 202
67 206 -245
68 363 153
69 131 -448
70 123 -547
71 22 816
72 51 -830
73 357 -146
74 316 -709
75 205 905
76 314 336
77 293 -556
78 362 -318
79 298 733
80 82 721
81 385 -903
82 349 -936
83 251 -467
84 277 386
85 72 -812
86 141 -415
87 84 -148
88 116 998
89 330 908
90 30 -788
91 334 199
92 284 -928
93 200 -178
94 196 -524
95 169 148
96 133 323
97 265 -253
98 9 267
99 126 -862
100 28 347
101 166 542
102 204 -359
103 36 -236
104 158 81
105 213 -203
106 149 325
107 389 613
108 346 -280
109 327 -510
110 300 334
111 39 -631
112 208 150
113 198 710
114 320 528
115 184 258
116 306 24
117 148 641
118 288 -477
120 264 -881
121 124 -324
122 156 570
123 75 385
124 266 866
125 146 116
126 328 -187
127 117 131
128 376 509
129 229 822
130 332 5
131 233 739
132 85 273
133 187 760
134 309 -933
135 373 875
136 254 -468
137 268 -108
138 178 109
139 29 -343
140 35 -642
141 155 478
142 99 -649
143 48 -724
144 348 -661
145 177 -619
146 271 -12
147 234 644
148 93 -537
149 252 918
150 2 78
151 325 846
152 25 -534
153 34 -660
154 380 -939
155 186 902
156 199 282
157 130 928
158 263 -33
159 157 942
160 86 566
161 119 958
162 105 453
163 68 -347
164 341 -394
165 371 966
166 258 -216
167 100 -541
168 125 -78
169 227 -596
170 120 209
171 140 -232
172 170 995
173 53 305
174 222 -223
175 103 -504
176 16 791
177 96 -968
178 74 -555
179 6 9
180 179 -672
181 390 754
182 64 101
183 323 -375
184 40 26
185 20 523
186 14 137
187 356 -937
188 226 508
189 122 720
190 250 -231
191 92 -513
192 344 -513
193 382 591
194 338 -641
195 61 -787
196 351 590
197 45 725
198 201 2
199 81 877
200 388 412
201 134 -795
202 161 92
203 160 851
204 369 -311
205 278 -185
206 273 -7
207 195 -119
208 386 -945
209 321 917
210 368 756
211 180 313
212 203 -481
213 232 230
214 279 -359
215 142 -215
216 248 1
217 129 -954
218 114 830
219 115 -132
220 241 -105
221 32 183
222 135 -91
223 70 -904
224 220 539
225 260 938
226 237 226
227 339 -21
228 24 20
229 31 -472
230 136 -253
231 209 -588
232 281 -200
233 132 260
234 370 207
235 50 -365
236 317 -767
237 236 362
238 375 132
239 118 641
240 310 -320
241 143 -480
242 106 -362
243 49 -107
244 299 -965
245 219 612
246 67 -441
247 335 874
248 111 -531
249 5 -897
250 104 661
251 228 -211
252 247 -74
253 238 292
254 324 -522
255 108 78
256 364 200
257 378 -594
258 275 689
259 379 -121
260 52 753
261 1 279
262 292 431
263 189 -922
264 224 457
265 255 239
266 89 -298
267 311 -406
268 60 735
269 289 -576
270 154 -231
271 308 930
272 333 -733
273 78 -190
274 8 660
275 144 706
276 163 -918
277 210 -870
278 21 -285
279 305 328
280 113 -318
281 110 -325
282 80 -558
283 340 987
284 365 855
285 304 816
286 282 943
287 302 -514
288 326 57
289 387 -531
290 329 31
291 303 282
292 366 77
293 197 931
294 167 828
295 319 70
296 331 87
297 354 -865
298 15 -869
299 343 -952
300 42 166
301 287 98
302 336 -364
303 358 185
304 315 -465
305 19 -41
306 381 758
307 221 426
308 44 -225
309 54 462
310 256 50
311 342 -146
312 230 296
313 11 641
314 71 -974
315 65 287
316 269 -832
317 192 -96
318 128 960
319 56 518
320 90 -176
321 0 -737
322 350 -572
323 83 350
324 175 966
325 76 338
326 182 665
327 168 -935
328 102 508
329 244 -448
330 276 -786
331 245 -562
332 261 -352
333 235 45
334 41 190
335 151 -846
336 312 -842
337 10 -571
338 360 163
339 77 450
340 391 487
341 62 -753
342 218 892
343 355 141
344 97 228
345 367 -722
346 246 647
347 193 182
348 88 877
349 307 -708
350 181 822
351 55 -975
352 231 334
353 291 -662
354 98 744
355 171 91
356 185 -632
357 262 671
358 159 -791
359 139 -192
360 63 -361
361 101 463
362 240 -507
363 217 -414
364 87 107
365 150 -447
366 345 -117
367 253 935
368 211 -15
369 173 207
370 164 -167
371 194 -3
372 190 887
373 361 737
374 223 769
375 13 -185
376 33 -476
377 138 -560
378 107 567
379 172 -546
380 242 983
381 95 -332
382 353 151
383 202 718
384 191 -656
385 188 -372
386 239 63
387 297 729
388 121 -198
389 383 142
390 27 -782
391 18 729
92 384
0 32 234
0 65 928
0 83 944
0 55 -128
1 2 -361
1 3 29
1 52 155
1 71 132
2 89 567
2 74 -626
2 17 800
2 5 -423
3 12 -95
3 13 990
3 14 304
3 17 622
3 19 853
3 88 837
4 56 531
4 54 933
5 66 385
5 91 -326
5 12 291
5 68 795
6 1 747
6 68 -290
7 32 836
8 57 -804
8 39 -591
9 31 -495
9 21 114
9 13 733
9 87 -702
10 64 -926
10 40 -87
10 74 293
10 45 537
10 19 -509
10 88 -318
11 66 -442
11 4 471
11 37 -576
11 22 117
11 55 810
11 56 727
12 73 290
12 38 -155
13 4 -239
13 39 520
14 48 141
14 71 213
14 28 599
14 29 -256
14 87 759
15 59 817
15 11 -855
15 38 807
15 7 -191
16 5 -92
16 14 418
17 33 -93
17 82 779
17 73 -519
17 76 843
17 54 -810
18 65 -668
18 90 -679
18 71 -933
19 89 -564
19 86 -350
19 23 406
20 10 949
20 90 810
20 62 419
21 60 -492
21 45 -364
21 54 497
22 53 791
23 0 -275
23 27 525
23 79 -659
24 36 656
24 70 -564
24 10 -65
24 47 141
24 16 459
24 56 602
25 3 637
25 45 964
25 20 862
25 23 257
25 89 61
25 27 -399
25 63 525
26 34 167
26 37 753
26 6 -378
26 48 12
26 17 563
26 88 346
26 91 -491
26 61 -588
27 1 22
27 39 -553
27 13 145
27 78 637
27 17 -350
27 90 -504
27 31 40
28 51 631
28 52 631
28 67 -124
28 7 235
29 16 -635
29 90 660
30 0 932
30 1 437
30 4 -321
30 53 -71
30 14 -642
31 41 552
31 27 360
31 67 -565
31 69 -947
31 21 -367
32 81 517
32 59 257
32 45 -305
32 6 -140
32 87 937
33 50 760
33 70 59
34 48 699
34 19 -539
35 48 -475
35 27 -294
35 61 185
35 55 834
36 56 -278
36 26 740
36 38 293
36 39 478
37 24 -148
37 3 951
37 43 588
37 85 595
38 88 751
38 17 182
38 1 -592
38 18 216
38 11 610
39 65 614
39 58 646
39 55 696
40 35 514
40 41 -219
40 45 197
40 78 -797
40 83 122
40 62 -82
41 65 416
41 59 262
41 35 -536
41 69 455
41 54 324
42 58 -140
42 44 838
43 5 -142
43 7 -330
43 77 308
43 78 933
43 59 296
43 61 574
43 63 348
44 63 113
44 57 769
44 61 48
44 87 -741
45 71 -120
45 59 194
45 27 -892
45 22 -877
45 63 516
46 5 -982
46 6 -725
46 73 -564
46 10 178
46 78 737
46 15 -890
46 17 -324
46 28 -285
47 41 -579
47 26 -843
47 21 -312
47 23 -793
48 80 921
48 25 944
48 83 29
48 14 -512
49 34 784
49 36 -312
49 85 -152
49 38 -21
49 86 111
50 71 559
50 39 294
50 75 586
50 48 494
50 22 395
50 88 -686
50 91 950
51 2 -761
51 35 587
51 79 -601
52 10 496
52 15 -683
52 19 -407
52 24 -272
52 56 -141
52 89 -937
53 2 -350
53 26 -420
54 3 919
54 39 -335
54 45 -592
54 81 975
54 86 -168
54 29 -25
55 72 787
55 73 698
55 11 -25
55 82 -266
55 19 239
55 84 -725
56 16 998
56 34 947
56 75 80
56 58 89
56 77 876
57 64 -182
57 66 -927
57 21 381
58 80 -999
58 73 283
58 57 -939
58 85 580
58 77 613
59 64 -851
59 2 239
59 9 -254
59 18 -636
59 52 392
59 23 731
59 60 668
60 1 -365
60 66 -265
60 9 -953
60 86 729
60 79 -300
61 72 -958
61 9 880
61 84 19
61 22 -513
62 42 808
62 29 -68
62 5 58
63 9 55
63 41 -928
63 50 531
63 83 -913
63 85 -26
63 86 -73
63 28 -807
64 50 612
64 28 809
64 85 303
64 46 998
64 71 71
65 32 -49
65 49 -796
65 11 -621
65 76 -108
65 6 -201
66 48 -728
66 33 589
66 36 973
67 40 -85
67 41 992
67 75 -55
67 79 -521
67 49 -523
67 29 -918
68 30 192
68 87 -218
69 90 -911
69 67 666
69 28 -419
69 44 -957
70 4 -346
70 37 -81
70 6 509
70 85 -243
71 18 -176
71 36 -881
71 60 -4
72 58 220
72 5 114
72 23 -804
73 33 572
73 18 720
73 51 -236
73 68 -129
73 12 692
74 38 -647
74 41 -925
74 14 -927
74 23 26
74 25 982
74 31 177
75 8 762
75 53 -527
75 39 -637
76 33 -662
76 25 -296
76 29 -755
76 38 -959
77 57 -864
77 84 518
78 87 -14
78 79 956
78 16 513
78 67 412
78 23 -906
79 87 607
79 1 574
79 3 558
79 70 -656
79 62 794
80 49 10
80 18 -310
80 4 -457
80 29 580
80 63 550
81 40 -596
81 41 920
81 75 125
81 53 -335
81 88 160
81 90 580
82 76 102
82 81 126
82 51 441
82 22 -477
82 58 550
82 91 911
83 91 -273
84 10 -291
84 28 889
84 14 -377
85 26 40
85 35 -925
85 68 529
86 9 -175
86 83 -447
86 12 697
86 53 -832
86 59 879
87 77 888
87 45 -614
88 1 432
88 43 -800
88 30 401
89 64 -783
89 45 756
89 47 392
90 17 493
90 49 699
90 91 -284
90 38 -906
90 15 982
91 41 173
91 4 998
91 13 157
91 36 -283
927 926
0 389 345
1 330 811
2 426 739
3 710 964
4 900 -679
5 899 775
6 639 -978
7 682 591
8 816 651
9 822 -442
10 809 460
11 248 382
12 416 355
13 371 -187
14 134 256
15 422 790
16 361 -139
17 93 -731
18 765 -212
19 884 -983
20 694 -464
21 558 -413
22 223 842
23 702 -663
24 901 132
25 73 43
26 537 -372
27 191 -23
28 220 -500
29 878 520
30 813 89
31 52 109
32 195 86
33 184 812
34 64 -608
35 280 -524
36 603 -136
37 56 308
38 290 185
39 306 985
40 407 397
41 11 -28
42 211 -450
43 177 -339
44 564 421
45 598 824
46 261 304
47 36 -125
48 500 857
49 700 -178
50 646 438
51 332 -203
52 743 591
53 438 614
54 320 492
55 382 324
56 424 -946
57 390 -5
58 17 -188
59 78 -588
60 811 319
61 317 -790
62 398 514
63 587 307
64 563 499
65 239 -418
66 478 656
67 132 84
68 745 936
69 541 889
70 909 329
71 287 -999
72 447 675
73 302 -535
74 653 432
75 488 277
76 919 -743
77 719 -293
78 376 -810
79 380 -943
80 681 75
81 606 -959
82 116 -105
83 701 -494
84 839 -700
85 575 509
86 868 33
87 738 742
88 94 -81
89 501 -323
90 907 -544
91 581 -320
92 772 -949
93 74 -421
94 725 720
95 127 37
96 853 -897
97 675 457
98 470 -232
99 209 467
100 103 -515
101 267 -851
102 667 734
103 204 560
104 804 -818
105 354 576
106 906 -606
107 503 980
108 237 -301
109 88 -393
110 269 -676
111 77 -325
112 860 754
113 612 -123
114 138 -709
115 473 284
117 326 -692
118 137 -67
119 915 -92
120 645 -651
121 577 720
122 496 726
123 147 -91
124 484 -177
125 363 556
126 495 -629
127 888 -944
128 669 -939
129 698 -130
130 538 51
131 519 303
132 79 -556
133 288 -243
134 651 340
135 402 254
136 713 773
137 44 467
138 883 -139
139 319 488
140 643 -381
141 99 39
142 192 212
143 244 812
144 150 -6
145 711 -61
146 266 280
147 378 -898
148 145 -546
149 505 -599
150 397 -442
151 301 513
152 670 970
153 821 878
154 131 -551
155 614 -10
156 193 -552
157 383 -924
158 411 -641
159 838 -215
160 329 934
161 331 424
162 106 68
163 276 911
164 86 518
165 190 -221
166 600 802
167 181 -898
168 882 653
169 25 453
170 628 -507
171 686 696
172 895 -278
173 820 894
174 570 -793
175 333 173
176 695 705
177 480 -177
178 152 130
179 50 6
180 703 -628
181 844 -129
182 84 406
183 831 -280
184 522 -560
185 879 -853
186 760 212
187 752 -204
188 490 -479
189 491 -312
190 855 792
191 162 630
192 273 309
193 183 -885
194 610 -601
195 174 -48
196 417 299
197 246 513
198 281 105
199 794 -931
200 766 -968
201 23 -826
202 381 164
203 781 991
204 835 546
205 391 -385
206 215 693
207 163 932
208 810 189
209 292 -921
210 642 759
211 785 -618
212 917 762
213 542 -184
214 336 452
215 408 651
216 849 -905
217 346 218
218 108 -370
219 63 -211
220 801 -747
221 107 221
222 847 939
223 318 -361
224 405 683
225 469 465
226 562 838
227 630 884
228 18 437
229 580 930
230 233 277
231 362 973
232 392 499
233 561 750
234 886 63
235 161 -620
236 596 415
237 472 431
238 727 -580
239 229 896
240 440 -937
241 593 -553
242 622 735
243 841 334
244 843 646
245 240 724
246 48 363
247 3 -990
248 32 689
249 893 675
250 554 281
251 268 249
252 172 984
253 735 -297
254 641 -979
255 862 284
256 672 -602
257 779 -2
258 773 739
259 393 597
260 574 293
261 412 -274
262 578 323
263 457 -108
264 734 -623
265 458 257
266 512 682
267 289 -561
268 4 -419
269 69 -301
270 842 -663
271 497 -477
272 164 925
273 227 -394
274 833 -920
275 123 26
276 892 -727
277 608 671
278 92 445
279 840 87
280 115 -221
281 54 397
282 559 -775
283 124 475
284 129 -508
285 925 -158
286 373 144
287 609 325
288 796 889
289 918 -982
290 648 460
291 741 -301
292 753 604
293 385 961
294 210 -69
295 238 349
296 482 -628
297 663 -10
298 824 -239
299 536 586
300 889 926
301 243 287
302 800 -867
303 611 565
304 742 -261
305 221 218
306 96 -437
307 557 279
308 755 -332
309 718 -46
310 494 539
311 758 913
312 418 101
313 805 -352
314 486 -938
315 303 -708
316 310 -380
317 775 907
318 297 949
319 626 293
320 709 -182
321 508 -939
322 887 542
323 452 951
324 548 656
325 271 -193
326 279 162
327 568 -111
328 249 49
329 795 -387
330 384 304
331 448 33
332 334 304
333 788 485
334 342 -792
335 45 154
336 159 -965
337 601 -66
338 14 63
339 926 736
340 921 -860
341 910 232
342 110 642
343 553 -705
344 275 115
345 165 156
346 87 -614
347 180 801
348 304 99
349 282 -300
350 723 309
351 364 441
352 790 586
353 467 246
354 620 -56
355 338 802
356 198 65
357 444 283
358 351 307
359 235 -610
360 644 -425
361 38 212
362 295 -928
363 414 346
364 797 612
365 911 -235
366 783 -14
367 113 -373
368 379 -801
369 367 -125
370 650 -710
371 199 -695
372 846 -147
373 922 141
374 528 -984
375 410 8
376 759 -189
377 366 144
378 450 152
379 652 829
380 576 412
381 395 -792
382 252 -960
383 865 788
384 213 -352
385 533 165
386 133 574
387 151 70
388 852 -403
389 313 62
390 793 -388
391 757 -868
392 278 -232
393 616 -418
394 728 -368
395 250 198
396 465 -337
397 493 134
398 749 962
399 42 724
400 605 873
401 763 -76
402 30 -169
403 49 975
404 619 -32
405 912 459
406 185 -611
407 404 -459
408 55 -209
409 547 -143
410 513 -476
411 733 -930
412 80 628
413 836 -154
414 716 -595
415 871 -829
416 24 635
417 26 -953
418 837 277
419 732 78
420 524 -150
421 692 498
422 717 -202
423 197 -257
424 352 360
425 5 -910
426 456 -302
427 324 912
428 864 438
429 61 -769
430 845 -541
431 428 -688
432 591 -828
433 627 541
434 552 681
435 101 -274
436 885 -637
437 298 -41
438 241 -309
439 881 -297
440 517 83
441 689 136
442 20 69
443 825 -807
444 677 709
445 253 178
446 659 -816
447 532 -530
448 874 967
449 368 -379
450 832 -935
451 740 -976
452 499 -629
453 370 -980
454 1 881
455 112 -106
456 487 997
457 257 -669
458 607 -315
459 387 -284
460 272 -543
461 89 672
462 920 -651
463 355 -328
464 714 -348
465 676 -860
466 28 -468
467 613 891
468 231 -833
469 242 520
470 453 154
471 327 -496
472 515 285
473 666 -799
474 356 216
475 586 23
476 247 422
477 691 892
478 286 -377
479 665 -681
480 350 -225
481 449 -584
482 786 -509
483 474 -52
484 625 93
485 312 -825
486 640 -106
487 219 -314
488 479 584
489 323 -258
490 658 561
491 751 434
492 296 -79
493 369 -486
494 6 -875
495 419 -880
496 189 -315
497 206 -601
498 867 -577
499 140 -698
500 173 682
501 170 36
502 19 741
503 406 230
504 420 -734
505 95 -149
506 634 835
507 891 803
508 27 728
509 136 -983
510 754 -798
511 196 -562
512 435 -927
513 850 691
514 746 544
515 657 644
516 589 893
517 207 457
518 905 713
519 830 -275
520 693 -379
521 485 -765
522 914 -198
523 876 -993
524 359 -784
525 360 -173
526 421 393
527 730 -190
528 750 -156
529 222 646
530 869 845
531 160 959
532 477 -846
533 270 763
534 774 -83
535 592 228
536 631 100
537 232 -637
538 118 47
539 572 -517
540 85 -494
541 75 200
542 62 42
543 128 530
544 776 -210
545 761 -246
546 726 -422
547 767 -939
548 708 939
549 225 -409
550 259 -641
551 819 331
552 807 -257
553 555 474
554 430 728
555 549 -426
556 736 -259
557 176 650
558 791 -192
559 121 25
560 254 334
561 579 -116
562 618 -772
563 293 -126
564 712 -969
565 649 172
566 877 -99
567 194 -721
568 792 -652
569 341 -8
570 347 -472
571 466 -686
572 573 -107
573 687 455
574 148 147
575 16 961
576 771 537
577 31 -941
578 679 450
579 744 638
580 201 592
581 15 859
582 550 -929
583 141 160
584 506 -473
585 245 135
586 638 -201
587 898 -138
588 340 481
589 47 90
590 300 303
591 629 618
592 166 428
593 656 -460
594 690 -511
595 817 -803
596 481 -144
597 57 254
598 284 -719
599 468 -925
600 234 -594
601 82 -585
602 684 967
603 756 -532
604 780 108
605 345 -394
606 823 407
607 214 -937
608 260 -426
609 729 -727
610 623 970
611 715 -649
612 365 -770
613 632 -983
614 7 1
615 146 -576
616 182 875
617 902 776
618 861 -880
619 425 -360
620 866 -790
621 285 -338
622 764 408
623 582 -490
624 35 -740
625 492 -451
626 789 -584
627 251 -579
628 117 240
629 442 914
630 40 -67
631 463 892
632 509 -84
633 556 844
634 9 251
635 8 105
636 635 -733
637 33 -50
638 218 -943
639 748 150
640 256 -827
641 674 -945
642 119 954
643 305 241
644 375 820
645 688 -364
646 812 -174
647 543 299
648 157 884
649 777 531
650 584 5
651 516 -80
652 535 -859
653 432 -581
654 230 732
655 372 517
656 454 -573
657 787 773
658 97 -925
659 429 -122
660 265 838
661 520 655
662 358 -393
663 274 868
664 90 267
665 322 -848
666 316 -389
667 436 484
668 337 -233
669 349 921
670 534 732
671 647 214
672 41 -418
673 60 297
674 130 399
675 431 -13
676 762 -328
677 615 -780
678 546 936
679 583 -100
680 202 -845
681 880 -655
682 894 93
683 673 775
684 451 438
685 255 -582
686 374 -858
687 896 -696
688 43 -635
689 143 -229
690 699 -13
691 400 -689
692 502 -304
693 167 -668
694 768 -517
695 769 65
696 125 -110
697 654 -403
698 58 222
699 39 275
700 186 12
701 854 -688
702 588 -730
703 678 231
704 53 432
705 83 799
706 2 317
707 217 131
708 353 -516
709 747 -929
710 158 463
711 784 -569
712 299 -46
713 258 229
714 399 -588
715 344 -994
716 720 436
717 571 275
718 778 -227
719 325 466
720 314 -832
721 216 -419
722 655 -994
723 551 -574
724 545 619
725 12 568
726 70 -196
727 872 -717
728 98 -470
729 169 845
730 904 -216
731 814 763
732 668 -261
733 637 302
734 815 946
735 171 312
736 311 -856
737 903 -288
738 437 -998
739 504 -441
740 155 798
741 683 89
742 446 -619
743 636 -630
744 34 398
745 228 698
746 200 -810
747 427 -89
748 721 823
749 460 -311
750 205 491
751 226 -902
752 277 -516
753 526 -325
754 396 857
755 507 817
756 475 869
757 511 -248
758 105 857
759 604 210
760 175 -951
761 597 204
762 154 -767
763 848 675
764 65 -880
765 386 -743
766 707 731
767 590 805
768 489 27
769 459 -521
770 924 -900
771 798 -652
772 462 -820
773 566 861
774 415 189
775 802 835
776 403 -349
777 394 855
778 834 -873
779 514 -366
780 705 713
781 13 -578
782 357 167
783 104 -558
784 135 170
785 126 981
786 565 109
787 76 741
788 81 -740
789 529 267
790 661 947
791 46 5
792 377 631
793 179 -265
794 109 -737
795 283 316
796 22 -84
797 307 -42
798 343 646
799 388 2
800 530 745
801 21 -365
802 863 731
803 770 580
804 68 170
805 806 281
806 51 652
807 851 451
808 724 171
809 203 721
810 897 872
811 120 538
812 434 435
813 483 -425
814 433 109
815 859 -840
816 875 -731
817 142 -174
818 339 -295
819 510 -546
820 731 -930
821 445 136
822 585 -552
823 439 934
824 696 -653
825 890 -747
826 168 348
827 870 130
828 471 307
829 262 425
830 423 -103
831 782 557
832 518 357
833 455 -102
834 544 -581
835 697 75
836 856 866
837 37 -729
838 808 -255
839 664 -121
840 521 -644
841 156 569
842 114 -352
843 91 -883
844 315 299
845 858 -848
846 208 546
847 829 -847
848 803 146
849 212 -850
850 498 819
851 602 469
852 67 418
853 224 288
854 409 986
855 59 843
856 149 -615
857 737 521
858 599 -934
859 111 -12
860 122 632
861 560 -972
862 633 252
863 413 511
864 799 965
865 923 209
866 187 688
867 348 -797
868 476 -754
869 321 33
870 908 -550
871 308 143
872 624 -123
873 660 -434
874 722 -78
875 704 591
876 464 676
877 595 -638
878 826 -314
879 827 -322
880 523 901
881 71 267
882 916 -407
883 153 -147
884 291 984
885 617 -739
886 913 -465
887 527 807
888 828 722
889 309 -308
890 441 306
891 443 989
892 236 89
893 263 710
894 10 828
895 139 403
896 72 -850
897 680 -27
898 100 -932
899 539 -381
900 531 674
901 102 -272
902 0 -57
903 567 148
904 621 -401
905 873 -148
906 594 -114
907 662 -990
908 525 969
909 818 -598
910 144 559
911 294 -44
912 29 -89
913 671 320
914 706 103
915 401 -972
916 461 141
917 857 -477
918 540 -742
919 188 -374
920 178 -764
921 569 -589
922 685 813
923 328 -305
924 66 -659
925 264 -198
926 335 -393
363 362
0 211 -711
1 305 622
2 301 66
3 130 348
4 324 308
5 107 845
6 83 305
7 6 -930
8 313 556
9 197 788
10 204 -382
11 200 -442
12 36 276
13 140 -81
14 63 648
15 118 -951
16 153 -900
17 114 -80
18 77 -920
19 272 529
20 206 326
21 231 -536
22 169 -945
23 22 930
24 356 -814
25 80 -257
26 161 -740
27 290 884
28 54 -955
29 248 207
30 214 708
31 255 130
32 253 -480
33 245 -309
34 120 141
35 247 354
36 151 607
37 76 -394
38 65 463
39 68 140
40 350 -799
41 45 -135
42 209 -723
43 299 350
44 205 934
45 168 -150
46 203 984
47 233 -627
48 46 -359
49 69 -444
50 149 -62
51 310 -472
52 201 -83
53 328 347
54 331 -254
55 280 581
56 84 -671
57 218 672
58 16 747
59 348 -842
60 249 523
61 282 -210
62 131 578
63 137 308
64 336 70
65 108 336
66 175 181
67 85 -892
68 223 600
69 104 -552
70 332 819
71 32 259
72 97 -895
73 311 -277
74 232 -484
75 51 425
76 112 -135
77 266 -225
78 236 53
79 349 713
80 171 -889
81 229 -746
82 121 676
83 215 -17
84 128 544
85 252 222
86 72 -534
87 52 924
88 31 157
89 25 693
90 192 709
91 1 895
92 273 -191
93 89 -875
94 152 347
95 156 -788
96 353 906
97 263 -187
98 188 913
99 360 746
100 262 -636
101 330 886
102 235 -269
103 106 -770
104 8 202
105 102 -620
106 178 426
107 230 940
108 220 -27
109 292 -60
110 47 -127
111 37 926
112 144 215
113 274 640
114 208 -160
115 354 942
116 142 -862
117 146 -109
118 119 651
119 295 -867
120 13 143
121 193 185
122 17 291
123 251 -179
124 237 -526
125 346 -888
126 29 374
127 14 699
128 135 32
129 242 64
130 270 295
131 361 93
132 98 452
133 180 -261
134 3 -921
135 55 -603
136 288 334
137 91 908
138 352 -48
139 39 836
140 176 942
141 126 501
142 338 839
143 297 -138
144 308 166
145 291 109
146 61 531
147 79 -787
148 0 51
149 173 -199
150 226 -673
151 92 -298
152 38 -114
153 207 -462
154 284 349
155 239 402
156 238 -615
157 300 91
158 241 986
159 221 243
160 34 -327
161 212 108
162 133 -851
163 143 -68
164 155 214
165 269 -691
166 345 728
167 213 411
168 198 460
169 95 416
170 145 -320
171 279 912
172 347 -781
173 187 528
174 246 713
175 318 -557
176 7 -840
177 81 545
178 227 -32
179 302 528
180 286 287
181 323 524
182 148 -725
183 191 -450
184 170 380
185 134 -689
186 125 -650
187 304 -297
188 285 -924
189 319 705
191 9 -292
192 19 -672
193 15 970
194 339 113
195 62 -149
196 160 818
197 41 -718
198 10 121
199 111 6
200 359 -135
201 333 872
202 49 940
203 185 -635
204 275 712
205 362 -965
206 141 784
207 136 -735
208 234 468
209 117 130
210 75 -931
211 4 103
212 103 -442
213 306 196
214 18 -797
215 105 -551
216 257 -559
217 123 889
218 40 99
219 56 -201
220 116 533
221 127 -69
222 57 -110
223 296 -602
224 225 -997
225 260 -420
226 216 15
227 88 302
228 277 947
229 58 548
230 158 -484
231 154 915
232 115 -759
233 11 -921
234 276 929
235 30 -114
236 194 461
237 315 785
238 289 292
239 50 -226
240 256 168
241 210 99
242 177 -262
243 150 -356
244 99 248
245 314 37
246 303 -95
247 329 888
248 250 -224
249 344 346
250 167 516
251 267 22
252 181 71
253 342 337
254 186 -258
255 355 -289
256 139 285
257 343 -247
258 174 -706
259 271 -166
260 312 316
261 93 -517
262 217 -179
263 264 15
264 219 -97
265 87 489
266 12 115
267 132 679
268 179 995
269 24 -32
270 240 765
271 327 730
272 244 288
273 2 -192
274 94 779
275 101 194
276 138 649
277 243 -281
278 60 994
279 64 -983
280 28 262
281 67 -509
282 82 -314
283 35 -696
284 261 -505
285 322 -497
286 224 -824
287 165 294
288 172 -264
289 20 -694
290 5 715
291 162 -383
292 341 426
293 325 792
294 202 60
295 183 37
296 195 809
297 86 -145
298 43 -15
299 254 -779
300 278 -700
301 48 -763
302 265 260
303 182 -285
304 90 189
305 113 793
306 358 -165
307 100 181
308 309 -639
309 287 -411
310 228 -276
311 283 721
312 66 713
313 222 -306
314 157 -9
315 298 304
316 33 488
317 124 619
318 23 -918
319 59 -531
320 268 327
321 70 -244
322 190 16
323 74 925
324 164 -802
325 26 983
326 163 720
327 196 -423
328 326 715
329 293 -208
330 335 699
331 27 -340
332 96 -568
333 307 258
334 44 -709
335 129 -855
336 166 -2
337 316 -696
338 122 -271
339 258 -378
340 259 -378
341 184 202
342 337 172
343 357 116
344 334 714
345 281 287
346 110 -111
347 340 952
348 42 -615
349 317 340
350 199 -49
351 53 -702
352 294 -368
353 21 -109
354 351 125
355 320 -837
356 147 941
357 73 -904
358 159 313
359 78 -819
360 189 15
361 321 645
362 109 502
