42 23 38 6 44
11 12 24 2 24
49 1 2 12 3
27 8 31 2 24
46 22 36 23 4
39 25 6 35 50
34 32 8 38 46
2 15 50 31 28
13 4 5 14 40
27 39 21 14 16
38 45 9 34 1
45 38 6 18 16
40 15 39 44 11
38 34 16 48 28
34 12 34 50 32
33 33 45 35 43
37 17 5 41 24
33 25 43 30 33
24 25 10 42 27
5 11 46 1 40
36 10 31 32 38
5 47 16 2 30
12 17 25 5 44
49 17 28 46 13
40 38 31 3 31
5 10 16 13 37
5 28 7 42 4
42 1 50 14 40
27 27 49 32 31
32 26 23 25 22
25 11 24 15 36
26 7 45 7 17
11 8 12 14 5
21 26 43 20 13
36 33 43 47 19
45 49 20 43 48
20 36 49 42 23
29 20 27 21 23
46 37 43 43 18
46 38 23 23 45
3 7 3 1 18
45 37 28 32 46
7 46 18 15 43
26 36 8 41 8
3 22 31 18 7
33 33 16 20 49
19 16 5 20 27
35 35 45 23 27
30 23 32 49 22
10 12 14 46 7
9 45 6 21 15
37 33 7 47 30
42 27 9 11 29
16 19 32 17 35
10 42 50 50 23
28 19 35 6 36
31 42 15 12 32
38 4 43 40 32
9 10 28 6 24
28 10 37 3 8
2 29 38 8 17
10 43 34 26 29
40 22 45 41 15
1 36 42 45 36
8 4 31 43 14
23 31 8 12 43
30 13 21 4 14
42 2 23 15 12
19 6 17 30 38
36 38 47 35 18
13 18 24 38 16
19 43 20 44 45
44 5 1 21 19
31 2 8 5 24
31 48 34 31 2
14 45 26 50 7
23 27 5 46 13
36 27 24 11 33
3 49 10 44 3
8 34 38 14 47
33 42 38 28 4
12 22 23 34 42
39 12 15 4 17
19 45 46 43 17
21 38 8 21 43
41 1 47 7 9
2 15 4 16 42
30 45 8 30 34
24 30 19 45 32
7 20 17 19 32
1 20 27 21 39
37 50 42 33 1
28 4 27 47 41
3 38 37 46 34
29 1 5 37 38
29 20 19 18 15
25 14 49 2 9
44 23 46 17 35
4 34 36 27 49
18 40 33 32 24
0 0 0 0 0
