100
84 89
76 12 2584
24 47 314
48 1 506
23 6 6846
15 61 413
47 44 9210
45 7 9959
50 12 8737
68 63 1879
76 3 3722
61 55 3086
8 10 3383
80 53 9763
42 27 4095
75 17 8524
2 76 1514
35 32 3629
78 22 9651
68 32 7072
67 24 8527
63 65 8398
70 74 4153
9 81 5891
65 50 7599
65 48 6250
20 83 6751
10 21 256
80 71 2393
61 64 9554
9 31 290
60 24 4185
49 9 4252
55 26 9486
61 5 7769
10 20 4035
25 73 1116
55 13 803
83 1 3392
79 54 6723
64 62 7939
51 46 6358
43 50 2737
47 30 9198
52 13 1648
33 21 1824
24 27 1149
41 52 5063
26 71 8350
37 40 4930
72 84 5848
57 39 6813
42 45 9219
35 76 5665
45 6 1545
5 1 4356
73 55 8125
14 36 3740
51 72 1953
81 16 634
44 62 4589
14 66 8443
32 39 4806
32 10 4877
54 70 8780
46 54 7547
45 64 5494
20 23 3550
13 17 1500
42 30 9231
65 13 7509
84 53 2195
22 58 3874
37 63 4185
70 19 5663
55 37 8931
12 71 7835
83 29 3020
64 75 916
80 64 2097
19 55 1496
47 56 2536
73 6 1899
3 58 9568
16 34 2477
68 52 7307
79 43 3612
2 72 9014
16 7 7708
28 46 7849
16 45
15 7 5172
2 7 313
12 8 3021
10 3 4296
15 9 3215
9 12 9718
8 10 4972
3 1 5338
10 16 440
4 3 5952
7 13 1557
12 14 1085
7 14 5922
6 2 2349
2 4 8620
7 14 1000
6 11 5660
6 8 933
9 10 4205
11 4 5136
1 4 2292
1 8 778
8 15 1959
15 12 7611
10 16 1722
10 9 4846
16 1 4893
14 11 9911
1 14 782
14 2 9483
15 1 1209
15 10 4762
9 8 6248
7 1 2172
12 9 8865
2 14 4431
16 12 3349
15 3 4704
3 13 2456
9 11 974
11 2 7294
14 4 3032
9 10 6498
3 15 488
7 5 9691
24 144
1 7 9941
8 12 7522
20 8 3949
21 8 6016
15 17 2497
15 3 937
13 10 8127
18 10 6955
14 23 589
24 3 2829
23 9 4868
1 24 8587
22 11 7163
7 4 3628
4 9 8905
23 3 6115
9 15 2481
8 14 5716
13 18 4523
21 15 1689
10 14 371
8 9 3388
15 17 3658
16 24 3894
4 15 860
6 21 103
18 2 6886
11 24 8284
3 8 3230
15 8 9581
16 19 9446
4 12 7905
16 13 9421
5 1 4654
24 9 6738
21 1 6168
7 13 7002
23 7 5889
7 17 5651
14 2 9010
21 14 4754
15 24 9009
14 18 7151
8 21 1190
21 17 8241
2 7 2317
4 24 7390
4 22 7031
24 7 5182
8 14 1791
15 2 3108
12 9 7513
7 21 3825
17 20 5689
3 2 2742
16 4 3723
11 3 1124
14 22 8531
4 1 715
9 19 6988
18 10 5102
13 22 6328
17 13 3304
24 17 8167
17 20 9830
22 15 4595
19 14 6430
8 24 3293
7 20 4288
23 2 2266
23 20 7552
12 11 6194
6 16 7596
14 23 3591
15 5 9196
11 9 3399
24 6 2479
18 2 210
7 14 6133
3 14 1693
10 17 8225
1 10 8671
3 17 1428
5 16 4817
15 2 5966
24 11 8978
19 6 5349
9 6 8144
18 5 3064
10 18 344
13 4 9482
22 24 4385
11 1 4424
20 12 4948
5 1 5997
6 1 4552
7 24 242
1 9 1616
6 1 252
10 4 656
23 8 8932
14 24 7806
3 13 6607
9 10 4812
5 17 9434
20 6 1179
1 14 1254
20 9 5903
12 21 6981
12 21 4375
1 14 902
4 20 5413
9 2 8718
22 20 2865
21 17 5196
4 14 8229
15 16 3530
17 1 8311
16 17 8237
15 11 7698
17 16 5265
18 12 4846
21 20 156
24 19 9838
18 5 7054
22 6 5318
22 23 6871
24 12 4780
16 13 6000
11 22 8737
16 19 5809
12 2 9284
1 10 2271
24 4 1606
5 6 1601
23 10 7896
8 4 6643
23 18 6516
24 7 5077
15 21 6751
10 22 4349
10 4 3481
23 12 870
17 2 1747
67 66
53 13 4798
19 57 5891
26 63 9471
63 46 5254
41 11 3657
9 45 4197
52 51 4302
43 39 3380
29 28 4756
40 32 5011
63 54 1820
9 46 1385
65 42 8452
62 20 4877
30 47 3357
37 4 2818
67 14 4239
17 44 383
48 40 2271
66 18 7455
19 2 68
27 41 6776
4 55 2396
1 50 1432
7 9 9879
3 13 322
27 2 4654
29 48 2048
8 45 4510
2 50 8395
33 7 1918
8 29 8402
59 30 9130
48 31 5958
21 61 1927
66 4 383
38 2 6737
58 51 2747
27 34 3761
43 63 6606
48 54 8671
48 49 3220
36 27 9867
42 61 7720
49 33 1537
16 40 8190
3 51 4328
34 13 987
24 37 5776
42 21 4383
53 55 7171
47 41 9920
58 20 9586
33 65 1413
47 45 9868
7 5 7916
44 32 6012
21 34 3078
60 11 5762
2 37 3633
7 15 2290
35 6 7882
66 26 2825
34 9 6488
60 46 94
63 1 9968
61 37
49 30 5654
54 42 6098
10 20 9341
55 5 4115
40 51 7446
11 55 1119
57 1 7822
51 19 4914
50 19 7291
21 13 6099
8 59 3353
48 34 8484
44 61 477
16 5 8391
2 25 1272
60 20 8572
50 32 9081
57 22 9391
37 56 5049
54 7 9283
60 53 8693
47 31 7027
42 29 3669
41 53 3130
26 17 4964
7 49 4250
51 33 7313
40 44 9471
24 7 7561
50 45 20
35 38 7643
53 14 6306
51 49 175
40 32 6916
24 13 9142
45 4 7209
26 53 600
25 109
8 2 4449
6 1 6002
2 25 6559
2 25 4281
12 22 3060
6 25 2509
2 15 331
10 2 5925
9 14 3301
11 12 3649
14 17 3532
10 3 9504
13 15 5350
14 11 3137
2 3 1180
16 4 6056
11 9 6389
22 19 962
7 10 2079
13 22 9904
21 17 4538
17 10 5037
13 18 8399
2 7 4238
20 14 3545
5 10 8197
4 13 4148
17 14 2807
21 6 7924
7 18 8213
11 18 2726
9 22 3193
22 23 1400
7 14 6231
20 11 2004
24 25 922
3 8 6604
17 20 6346
25 10 284
24 22 7315
8 16 4915
16 10 9145
20 1 7824
20 15 1224
19 6 5961
10 4 7248
24 23 2733
3 8 8297
2 10 2887
25 7 9059
6 23 3622
3 24 251
8 15 3239
7 1 5587
2 11 4043
24 1 4705
5 19 1883
2 13 9549
10 18 7282
25 13 3094
12 16 2746
19 25 2232
19 4 5717
12 18 9902
7 1 4494
13 8 1510
21 15 1979
10 24 5252
15 18 2489
20 12 8824
22 8 6948
6 12 7074
4 24 4270
24 2 5519
15 6 5694
15 8 5057
22 25 6224
21 5 3268
20 15 9515
6 16 7542
12 5 8384
5 14 5727
8 19 6300
17 23 9363
24 20 3147
2 6 3828
13 19 7313
3 4 141
11 24 4958
25 13 2374
9 22 7067
4 1 8559
21 12 9764
14 11 411
24 5 5390
21 11 2157
10 5 6959
5 18 8850
16 12 9078
7 3 5346
22 13 4398
13 22 4907
5 1 4164
17 18 6585
20 13 3609
20 21 8158
24 2 7763
16 20 6949
22 16 6723
21 4
9 2 2650
16 4 5488
8 17 6658
9 13 7372
83 140
75 34 6685
35 4 6440
68 3 2844
23 21 266
44 50 1121
43 54 3181
1 17 9864
81 73 3857
50 58 9919
69 32 290
29 20 4163
75 3 3844
20 1 1317
30 75 6924
41 14 7432
3 30 8491
12 7 8685
82 80 2215
26 49 4623
16 48 2719
50 77 8519
12 47 3445
3 9 1849
15 9 4222
15 4 7850
9 72 4865
77 9 6045
33 74 9622
66 52 4006
10 26 2899
28 10 8032
81 76 4607
59 29 4896
22 5 5701
55 62 6625
34 15 9973
57 23 3774
72 36 255
65 67 6278
43 26 5117
32 56 332
36 41 7775
4 17 7050
42 32 9905
81 61 5483
22 39 6965
76 49 4574
77 44 8898
59 52 9117
6 59 5211
35 48 2928
72 70 415
58 70 4542
35 13 5591
2 36 3823
12 75 2000
78 35 130
27 15 9160
36 11 4739
33 17 939
10 46 7142
64 2 5776
80 42 2152
12 24 2749
79 28 8951
3 75 6971
73 41 6267
2 52 3542
53 66 7385
80 45 256
65 3 4099
28 39 5128
52 78 1594
14 29 8887
3 4 5142
55 63 520
82 10 8468
2 5 1331
50 20 2582
29 24 6599
82 14 2773
70 77 2380
74 63 6193
69 46 7681
1 81 6110
76 31 6676
9 10 2804
5 22 7168
59 64 3153
32 13 4838
21 82 5221
63 6 5699
55 45 8080
52 44 7421
12 24 3403
24 11 4458
78 37 7685
70 73 6494
11 78 7091
59 41 4262
76 69 7177
40 18 2719
57 78 8889
76 31 5255
47 14 8358
5 8 9278
49 52 959
53 72 9155
14 59 3147
27 28 4657
47 56 6070
73 16 172
66 5 4601
81 38 3504
46 23 9803
34 72 119
81 50 301
24 80 6587
27 83 8241
21 49 8031
29 21 6251
13 77 2087
22 46 9517
83 54 7087
70 71 377
15 14 3414
70 78 466
62 60 7214
51 40 2126
14 21 9046
68 67 7101
76 20 9791
38 83 184
83 43 3027
3 62 2936
55 58 4220
42 1 1820
29 74 6047
53 10 5473
47 26 5213
74 54
38 55 4925
12 71 399
20 13 8817
68 44 6894
25 36 7841
60 3 6927
6 29 8288
67 73 8180
54 57 208
28 50 510
70 25 7002
10 38 8154
46 49 1816
37 44 1208
20 59 2529
26 70 8212
59 42 8831
18 52 9331
6 21 2064
46 48 570
2 5 2611
54 13 2092
34 21 1786
48 17 553
19 3 4762
68 49 4892
64 8 5739
66 31 3885
46 11 3438
59 67 1850
54 28 3807
58 46 1438
58 50 5104
61 4 7493
24 59 4185
72 63 474
46 52 1103
19 46 800
1 23 6198
1 54 4394
70 23 522
48 59 1505
43 70 9209
5 33 271
2 20 8347
53 1 9876
61 20 691
21 34 9236
16 23 2264
41 51 4261
74 46 5333
47 50 9484
13 59 5405
70 28 5196
16 119
16 6 2117
1 5 2677
3 7 3788
12 10 6283
14 4 5265
13 9 9449
13 2 7901
9 15 5378
12 1 1444
4 1 5346
6 14 9815
10 15 3886
9 2 948
7 8 8127
12 13 399
2 14 2764
9 5 4628
12 9 3664
16 8 7384
3 9 5855
9 4 2834
5 9 8513
5 3 9537
4 10 178
1 16 3190
15 6 3974
13 3 8974
7 6 2335
1 16 1760
11 4 3906
16 14 5127
13 9 409
9 7 2263
14 15 1739
7 1 1424
14 4 5405
2 7 7304
6 12 9921
12 10 9251
13 2 2601
7 13 2080
15 9 6885
5 3 5280
14 9 9774
12 11 595
1 14 606
12 4 1794
1 5 7606
7 6 8388
12 3 6136
9 1 8021
5 7 7845
2 12 283
4 5 3450
1 6 2195
6 4 1045
8 14 257
16 9 8090
9 10 3366
5 1 2471
4 7 7868
8 15 6959
14 1 2808
14 10 5760
15 7 774
2 16 4470
12 7 9536
14 5 571
14 1 6215
16 13 6141
11 15 1692
16 10 5878
2 12 9825
10 3 1268
13 4 990
10 11 1898
5 3 7248
14 16 7649
7 8 5089
12 2 7446
1 11 3797
11 9 1970
15 5 2809
13 11 7621
14 3 1928
8 6 515
8 4 7362
14 3 4028
1 2 6061
10 16 4676
10 5 493
16 6 2330
12 11 4112
5 2 4074
9 11 9915
1 13 6901
10 1 9153
2 8 9357
6 2 8292
2 5 9585
6 7 4446
8 13 5960
4 2 6649
2 8 158
14 7 6565
13 6 7683
12 11 3929
4 3 9307
6 1 8089
5 15 5918
3 6 572
3 2 8147
6 2 421
10 6 6497
8 3 9172
7 13 4499
4 12 7620
1 14 2425
3 16 5584
34 35
17 30 1066
28 6 1537
19 5 6052
10 6 4544
19 17 8275
26 34 5518
34 8 7246
7 12 4949
13 17 5476
14 27 6661
29 27 53
15 6 421
7 30 154
28 23 6196
27 18 7161
24 1 800
13 7 5027
25 3 4745
22 2 2439
16 4 3040
18 11 8830
11 34 8457
27 18 6088
26 9 1078
13 11 8661
2 6 5787
32 24 6868
18 8 4289
32 18 1292
1 8 1740
34 16 2766
30 4 9732
12 26 6211
10 16 4080
22 5 8437
42 14
4 30 6473
25 6 3036
27 16 5888
42 27 2111
8 3 6316
24 30 2279
41 20 7395
27 25 9142
2 6 5686
34 42 7289
29 6 5513
39 7 5445
28 27 1357
5 24 4954
43 132
19 11 9734
43 32 7701
11 12 8523
12 10 4698
2 41 8823
2 8 4188
7 8 2772
14 12 1669
22 42 10000
19 11 7666
28 40 8031
17 32 3974
9 3 3400
27 22 9529
11 31 384
2 33 9793
36 13 5117
38 25 6737
24 36 5392
36 25 4202
9 14 3883
32 13 5581
15 33 6429
41 25 3865
3 29 5464
13 29 4908
29 33 5610
25 10 5384
8 23 4873
42 35 1392
6 18 5028
19 42 4304
31 41 4755
10 17 7891
28 18 1684
19 10 2358
33 29 4862
18 33 7508
40 9 6441
33 6 1210
11 43 2804
34 7 6077
39 30 2801
4 30 5448
27 34 2563
9 27 7081
12 32 6281
32 25 5847
32 30 9207
10 25 9150
3 23 5881
1 28 4240
4 41 9983
17 41 759
17 37 9549
30 17 1185
17 38 4378
34 3 7433
28 8 4773
3 29 8160
16 41 9686
7 34 9281
25 6 9192
4 36 9074
4 20 3508
6 8 9826
10 21 57
43 4 7861
15 39 1157
9 5 9459
4 10 4553
4 17 3393
3 42 8220
10 11 6243
38 13 9945
7 26 8101
43 27 2323
16 19 1781
23 16 2636
12 28 9318
26 38 2675
7 9 1007
38 25 9189
21 22 9820
10 28 3547
36 25 4109
24 41 8330
14 22 7491
36 22 2531
19 5 6791
40 2 1913
19 4 5343
40 27 3648
41 27 5633
22 28 6140
34 33 4383
21 13 4438
40 34 7204
9 27 7977
31 21 9670
17 37 6961
22 27 4005
19 39 8593
32 29 8720
40 35 8818
6 11 628
25 4 2848
16 19 9426
30 25 9111
14 25 8641
28 39 6546
29 8 6091
38 15 5014
39 9 7082
22 31 9492
10 2 7543
11 31 4168
30 13 4399
16 29 9360
7 1 1643
41 3 9016
1 14 7270
13 8 7860
37 39 740
26 15 5253
10 8 8244
11 32 4287
7 1 2158
23 19 3488
41 15 2287
15 38 2481
33 4 3580
61 5
56 4 5286
18 20 5666
36 4 5267
20 1 7255
40 51 8140
91 38
61 45 4514
13 32 7668
45 33 8358
45 51 7864
72 73 4220
5 70 4075
15 28 7857
19 85 7532
49 13 9183
82 91 6411
15 83 7053
58 21 30
51 27 7255
39 37 7289
43 3 8471
47 24 4570
53 28 3395
8 43 346
42 88 7381
32 78 9666
22 42 1016
16 41 4608
78 7 8221
78 20 5207
71 46 5670
7 45 9220
52 76 362
74 11 9483
66 61 9301
36 30 5920
40 34 127
81 26 9288
43 75 8524
56 14 3939
90 42 8260
5 3 1123
37 46 2577
25 3 6939
30 47
22 24 324
15 29 7148
13 24 3296
13 18 1506
11 18 3126
7 18 4895
18 8 3252
21 18 4270
6 24 9179
24 14 1067
15 17 1370
10 4 9203
26 20 1188
14 25 723
2 8 8062
22 8 9262
15 16 8585
30 16 7400
19 6 5330
14 1 4030
12 27 5807
2 22 3714
1 9 5021
8 19 1295
27 18 3892
2 10 3526
2 5 3391
4 22 9325
1 25 8619
8 29 3898
21 16 4623
18 5 8592
10 22 2664
11 6 2658
11 9 1367
10 12 5371
20 16 2627
4 3 9015
23 6 239
7 29 3497
6 7 4176
25 9 1110
17 2 248
30 12 1394
3 18 245
22 5 2874
16 27 9655
75 182
58 3 9806
9 74 5130
57 53 6108
9 2 1513
64 57 2559
11 30 5892
7 23 402
61 11 2669
73 16 7060
27 65 2649
30 9 5131
53 72 3538
61 33 5386
5 14 2434
40 8 3881
46 54 984
27 1 4982
11 48 2053
5 34 7077
70 32 1520
38 27 5741
57 70 3046
31 3 8003
9 39 1955
60 37 8675
46 18 84
68 75 71
75 51 1378
41 65 3363
46 19 5224
1 67 1630
15 52 7046
15 26 2101
65 73 4295
30 2 4861
63 23 1767
38 11 1334
23 73 919
65 9 4464
70 32 3025
20 59 3125
49 9 4258
7 3 6760
11 65 8688
37 65 7414
4 40 3487
23 18 4543
75 14 9767
20 35 8435
19 13 4041
29 9 1778
9 30 4525
16 50 7095
17 4 2991
44 62 4609
66 29 8411
74 19 4841
48 11 3255
20 45 4939
56 60 8562
6 63 5555
49 12 4312
48 49 5573
37 47 3247
43 53 6639
56 19 6661
22 28 5461
42 23 9650
51 16 2242
2 30 8242
45 21 4030
7 39 2259
27 46 6162
29 70 9851
67 2 1449
10 12 737
55 4 5589
3 75 116
16 47 593
49 29 4419
52 34 7404
23 28 6997
26 62 7964
26 10 4914
41 26 8907
5 31 3424
70 67 6878
20 2 8615
68 2 419
38 13 5461
19 8 3354
35 45 5132
18 1 5423
62 20 5670
38 72 1586
9 21 4003
56 36 1595
74 19 4800
12 11 8051
59 25 1534
56 12 8308
67 15 6202
41 39 5431
12 72 9093
68 49 9355
56 67 883
70 60 8598
44 26 8140
56 45 554
49 67 9282
14 75 1634
8 9 2687
69 13 8763
63 13 1728
7 30 1389
15 5 7536
66 17 8006
44 25 9593
57 58 3884
65 45 9435
30 32 8580
2 33 6817
33 67 2032
53 74 7863
56 72 4427
48 45 4780
1 10 6605
42 45 4099
51 59 1254
15 26 8799
8 56 2325
46 16 7974
63 61 8171
66 61 1088
26 60 4434
13 36 8811
74 42 117
38 65 669
74 71 6426
16 46 6618
24 51 145
3 10 3339
31 61 2547
23 16 7719
31 18 5424
11 39 48
59 51 5293
62 36 9956
9 52 4582
48 14 82
3 18 2912
70 35 8867
19 17 5064
60 19 3721
28 44 6368
57 38 5483
75 42 912
49 42 2634
26 60 636
48 75 4368
5 40 634
18 28 8429
3 41 316
49 71 3521
68 41 146
27 2 7432
74 29 5650
11 5 234
36 69 7853
48 61 8808
73 37 8291
13 65 1426
71 13 348
43 24 8881
40 30 163
40 13 2882
49 61 1488
22 17 3388
21 24 8612
35 1 4023
75 11 1116
6 17 7212
27 135
24 17 2122
13 14 6171
5 13 5545
14 2 1335
1 2 9851
11 18 332
10 17 8939
19 15 5241
21 8 7617
20 16 319
9 27 4368
3 18 6384
18 2 1389
24 17 1248
22 17 257
18 24 723
23 11 8173
24 7 3546
21 26 8941
26 27 3594
23 4 3833
13 8 8906
18 26 8930
15 21 614
3 21 9943
8 12 8545
12 13 9827
19 8 6627
20 7 7525
3 10 870
19 2 7887
1 21 3157
21 7 5510
15 9 2137
5 10 855
15 22 6059
8 6 717
23 1 7178
23 22 4683
25 4 4603
12 4 6068
15 7 7372
22 21 117
13 16 6082
18 24 1081
6 16 4226
20 16 4835
10 6 3160
12 2 4308
8 1 7872
24 12 6085
6 26 5616
10 1 9921
13 9 9787
25 24 8723
1 17 5374
13 8 6709
22 4 3802
14 16 6585
16 22 5441
1 8 2642
1 7 6073
21 13 8073
17 19 509
7 22 2677
27 1 1496
15 6 6872
12 2 5221
25 27 3434
17 16 3816
9 27 4338
12 24 5415
15 3 9447
17 15 3579
17 25 9681
26 27 8395
22 10 5991
17 19 8623
23 1 6567
4 26 8763
10 14 267
15 3 6361
17 16 9115
8 24 5671
2 9 2459
24 3 8709
4 10 6331
14 10 8323
12 26 525
18 10 4186
27 5 3151
5 2 7772
9 1 928
5 11 8174
19 2 1100
25 27 2126
7 8 3926
1 21 6142
21 19 4239
2 3 3994
13 5 6263
10 17 2390
15 12 1040
5 20 7481
7 8 5748
2 1 4236
4 5 288
11 13 1496
14 26 2299
3 16 4053
26 4 5156
18 17 6626
3 10 4580
3 12 405
26 11 3449
1 10 8962
6 25 8832
24 11 9923
23 8 5951
19 26 9921
1 9 2631
18 26 4805
11 27 6305
8 7 1073
2 7 6983
19 3 4928
17 10 687
9 18 644
19 13 1700
14 8 3186
21 20 8004
15 13 89
22 4 9540
8 26 3300
15 19 39
81 159
75 72 8241
33 2 5622
77 45 7833
45 78 7246
65 10 1174
16 6 3048
20 65 2876
11 13 2840
40 51 1955
27 12 1499
81 67 8148
24 26 3302
79 35 1497
2 21 8484
52 4 2241
64 47 7654
33 76 5209
20 65 6379
18 54 5354
54 17 1987
39 79 4442
25 27 9626
56 74 5123
51 7 6901
78 24 4150
7 68 2822
64 61 8916
60 78 8975
31 5 987
63 77 8418
5 11 419
75 7 813
69 10 8973
63 29 3101
53 17 5833
45 59 9895
62 22 2410
21 70 8584
43 14 6549
78 33 8692
5 10 2920
30 74 5645
41 4 9537
68 77 8822
60 73 4575
43 16 5033
66 67 8671
6 58 9185
65 80 2825
78 75 5911
30 21 9290
70 50 4683
75 50 3607
20 64 1992
24 20 7745
23 21 445
72 59 6606
31 37 5569
39 47 5904
77 7 3743
31 55 3941
39 59 9510
43 62 5326
27 43 7314
68 46 9919
10 59 1960
49 13 6457
53 36 5566
19 55 716
5 52 2124
78 46 6603
50 21 1434
11 10 9431
31 34 6413
79 31 4204
62 32 3106
7 37 4785
70 69 7775
64 2 5912
65 36 5554
51 47 6897
65 60 7127
56 23 3811
19 48 7375
10 37 3424
35 60 9086
4 59 1970
44 18 9377
23 20 2515
81 1 4796
19 81 4634
43 58 9452
42 1 952
74 36 8128
9 66 7499
76 67 2669
75 80 1382
78 42 9228
42 45 5284
38 51 4261
6 35 1828
78 73 1229
41 79 4424
45 62 8283
17 5 2675
49 4 7626
37 5 7332
53 79 7687
43 48 110
18 66 4832
66 75 5283
71 61 7680
73 42 9100
24 27 9424
7 27 6368
5 13 3838
69 30 2227
22 41 4451
62 65 8495
19 68 1784
57 3 9030
29 77 6923
70 6 3222
69 34 3203
9 63 4043
72 38 7970
52 77 4243
67 51 9814
79 62 5404
52 28 1003
69 37 5329
74 51 3427
11 58 8072
62 50 9224
36 35 2792
5 73 135
28 34 9830
19 29 2599
11 28 3002
33 54 5396
77 78 2191
31 45 9682
9 52 7874
35 55 5577
34 48 209
60 64 4207
17 80 3909
45 35 7001
8 54 386
8 55 2055
78 46 9095
23 70 5549
10 53 8545
26 53 9841
29 43 4347
71 11 1504
38 18 8830
75 28 9569
77 21 9811
96 168
83 92 8500
70 12 5788
15 4 3966
96 81 2594
16 26 4069
25 49 4771
18 34 6648
25 73 1628
36 55 3482
45 14 7520
56 14 7545
54 85 6631
5 7 8135
83 63 5918
57 27 8051
62 22 1990
75 65 7552
26 42 6339
37 74 2
68 18 2665
8 53 1225
2 1 3298
84 24 3082
48 36 8465
72 94 474
14 65 2697
50 75 4020
20 19 3324
47 42 8812
63 94 1242
10 72 1546
10 53 7143
26 2 5515
7 43 655
44 21 2954
96 23 4832
86 52 4884
9 15 6712
58 76 9014
56 25 8988
50 10 6034
13 15 5493
45 55 759
61 65 6901
16 55 3760
75 86 3921
48 89 433
16 90 8607
91 72 6
57 74 8956
9 86 9201
8 65 9339
39 78 4453
96 73 2461
52 86 1974
29 28 5957
36 31 5005
96 35 7058
33 53 3998
7 69 2888
48 60 6978
10 73 690
23 71 9429
56 65 4253
73 78 8777
86 39 1131
21 11 9496
31 56 8630
68 34 7381
52 58 205
21 68 8063
76 30 6884
78 57 7888
38 52 2388
41 73 470
9 2 1593
50 39 60
8 89 5448
45 80 257
96 95 3749
12 92 7329
81 95 5342
38 28 8574
58 71 6539
73 72 4121
43 94 4011
57 66 5683
87 63 7976
3 38 303
86 30 3500
10 88 9159
86 91 2914
46 2 9223
70 43 3652
74 62 8896
2 25 1571
18 21 850
92 36 6887
13 51 9429
67 88 9301
57 5 8298
25 42 2764
1 82 9143
53 3 8063
86 53 9231
80 62 8862
46 58 9688
51 10 211
78 43 6588
86 10 2885
51 31 9202
84 45 1929
88 69 3005
81 21 9394
47 23 5205
31 63 2244
49 86 8388
70 9 5053
37 18 8706
10 5 8024
36 46 904
94 57 6405
71 22 9498
42 59 7342
28 10 5525
95 58 398
15 40 6471
51 49 4580
78 59 4180
71 2 4070
43 65 5274
53 84 1478
47 14 1127
96 47 7667
40 89 5091
6 68 5887
60 36 4734
11 80 2309
27 35 1443
8 69 1594
46 85 8228
48 75 2128
32 35 1778
35 75 9968
85 57 2615
49 31 9088
55 32 5028
10 60 1392
63 77 3945
20 82 8264
12 48 8465
29 76 2646
50 32 9123
30 77 6397
64 91 2590
27 6 116
42 20 5121
73 74 8114
42 46 3793
75 55 3207
37 62 9762
49 17 8532
2 47 5953
68 22 7513
55 12 5698
83 75 6730
22 46 9459
57 16 6629
95 48
83 17 5334
87 9 5077
34 10 2468
38 63 4948
76 65 7908
36 44 9441
44 11 8684
28 1 249
31 59 9655
95 36 3126
18 5 5369
46 53 1668
10 73 6276
78 46 3386
22 1 5367
52 88 9428
4 68 3298
87 66 3869
43 39 6044
50 30 3909
89 75 8261
65 89 6958
20 13 6330
27 78 3736
68 29 1727
25 36 6313
26 25 6031
60 85 8206
38 74 7488
85 56 1143
35 57 2579
69 71 4990
47 82 1394
69 94 6993
60 30 9348
79 70 1240
68 70 3513
46 2 8844
19 52 2047
32 34 7241
79 38 1634
17 37 9103
66 71 1986
62 55 6053
69 85 9955
3 64 4527
29 41 8554
64 40 7863
90 159
87 72 5424
64 61 2233
38 17 8262
85 22 1340
22 46 2868
69 11 9900
70 38 2837
40 84 8139
77 1 2031
62 5 9607
11 81 5167
20 81 9147
32 30 6219
34 43 9902
42 3 3288
19 67 9185
55 78 8565
2 86 8687
17 86 2439
60 57 5366
13 79 4990
6 20 480
32 34 4969
30 24 4191
57 27 7308
26 1 780
29 61 3843
31 27 5844
41 32 3710
15 21 2829
90 80 5187
58 54 6514
13 33 837
73 85 2213
84 17 4329
57 42 9631
3 70 904
70 75 8186
90 48 9407
62 15 5585
34 49 3724
83 77 6118
73 29 2986
60 76 5102
43 55 4356
54 79 8225
78 46 9655
79 55 2659
88 66 2705
11 20 3511
40 60 7925
10 52 2138
8 32 4823
69 68 3469
56 30 3731
30 90 2392
83 85 7673
29 80 2871
90 88 9876
15 24 8566
56 22 2839
20 11 7483
44 54 3449
83 6 9504
17 87 5536
34 41 3560
36 60 4850
13 78 8997
58 85 8802
78 19 2737
90 8 7714
8 34 3595
14 40 3892
89 2 8625
6 2 1757
57 50 2626
10 33 6650
9 90 3155
29 1 4125
37 62 9336
64 41 1308
50 45 3791
87 86 9055
21 9 6234
23 2 4502
30 41 4113
56 72 4193
88 31 2542
45 40 2288
24 87 5235
14 88 3973
46 21 5823
61 49 6227
57 80 4562
57 85 2686
21 17 5592
54 77 5872
85 48 3809
17 29 3601
27 53 5874
57 50 262
2 82 7199
68 58 6758
48 37 2460
22 11 872
78 14 4324
77 90 5923
65 15 517
75 53 9468
31 13 7170
32 85 1602
3 60 249
10 69 8316
86 72 8631
88 45 2420
35 72 4593
31 78 9238
60 30 5396
10 40 7328
66 3 6642
41 50 3459
19 51 8474
62 60 4530
77 55 6255
18 31 6321
59 57 2350
73 28 5650
35 90 6432
64 62 7392
50 1 2560
70 53 6942
11 17 9533
1 11 4637
78 80 6379
10 63 7711
10 7 2858
90 31 5878
15 56 7551
86 59 4945
23 87 8117
15 84 4660
14 76 9599
25 60 3438
81 33 9433
40 68 1868
15 30 1802
42 61 442
81 46 6021
50 32 5089
70 80 3122
1 72 6972
14 66 5703
86 17 9976
79 6 2345
71 89 6158
84 15 1149
85 66 8435
87 36 4229
24 50 1081
34 42
18 28 1581
19 15 6980
25 34 4376
33 9 8604
17 23 2319
24 21 9150
18 20 6155
10 3 504
19 31 2589
13 27 7898
8 9 3260
3 29 5916
9 14 9712
7 9 6092
21 10 1936
22 34 575
19 32 9449
34 14 9674
1 3 9770
18 23 9772
13 34 7490
28 18 1573
2 29 1493
21 18 9494
8 29 7557
5 21 6522
29 33 9760
23 25 6954
2 4 5026
16 13 1460
12 32 1801
20 9 1656
11 29 7048
9 31 2341
29 11 7093
10 23 2543
24 16 1670
24 1 4942
26 1 5781
31 3 8492
20 9 7665
8 33 6660
5 126
4 2 4779
1 2 8977
1 2 1064
5 1 5911
4 2 7150
2 4 6440
2 1 7648
2 4 4610
3 5 9934
3 5 6686
3 4 6011
3 5 1931
2 1 7264
2 5 7985
2 1 198
1 5 567
4 3 7035
3 1 2973
1 3 4762
3 4 7869
2 5 4721
3 1 6446
4 3 1101
3 4 5448
1 3 2033
2 3 7994
4 3 6906
4 3 7036
1 4 4297
3 5 5773
1 5 617
1 4 9148
4 5 4026
2 4 6345
1 5 1106
5 1 864
3 4 8356
3 2 7019
5 4 5156
2 3 154
5 1 3622
2 1 4934
2 1 1306
5 4 4149
1 5 188
2 3 9145
1 4 5241
3 5 6063
1 3 4614
4 2 4586
2 5 1207
1 3 7489
1 4 2722
4 2 3196
3 5 6863
4 5 359
4 1 6663
1 3 3932
5 2 4275
4 5 5642
1 4 1933
1 2 3774
3 1 7341
3 1 8371
1 4 6449
1 3 6409
1 4 7943
4 1 7259
1 3 3569
3 5 5974
1 5 2241
1 4 2041
2 5 3107
1 2 4216
5 4 1153
2 3 4973
2 3 7140
4 5 7107
1 5 9239
5 2 8705
2 1 5675
2 1 7022
1 3 3380
4 3 769
3 5 2982
4 1 3427
2 5 5635
3 2 7369
5 1 1458
3 4 5329
1 2 5273
2 1 2437
2 5 2350
4 1 2646
5 2 2098
5 2 5251
1 2 9658
2 5 8611
4 3 6969
2 4 36
2 5 5723
3 5 8879
1 5 9410
3 1 9489
1 4 9950
4 3 8382
5 2 2568
2 5 3955
5 1 4876
1 3 5801
3 1 3761
5 1 6308
2 1 4367
4 2 9522
4 2 4317
1 3 7739
3 5 1194
5 2 7303
5 3 1250
1 4 8086
1 2 9598
3 2 3573
2 4 8311
1 2 7514
5 2 2223
2 5 5348
44 23
5 10 3220
14 24 8326
23 43 9829
2 37 3190
14 8 1145
15 27 4655
18 3 9731
12 44 3447
36 8 7432
35 30 3834
13 44 3532
17 24 4590
18 10 607
4 1 9201
9 12 8740
37 43 1083
31 30 8335
15 5 3033
42 10 3882
12 41 8882
39 37 4341
37 29 4052
17 30 9449
68 173
49 46 4155
47 67 3079
7 16 7846
52 65 327
19 61 8528
15 22 3605
7 11 7066
8 61 1362
37 34 377
5 18 9757
50 24 4896
67 31 6166
57 51 32
54 11 2977
34 20 3774
41 13 7257
35 53 7148
28 38 8967
3 28 165
55 51 4390
31 40 7239
5 1 9268
24 46 8106
23 52 2684
53 25 3896
1 68 4196
57 28 4897
30 28 1879
57 61 1306
4 45 9168
24 14 2836
10 33 691
31 43 9272
53 61 4416
5 6 979
49 67 9042
51 63 8290
42 4 5211
64 21 2587
67 28 7721
43 12 6200
2 5 4082
52 33 9725
48 67 1900
61 12 2553
30 4 8007
34 39 9320
46 41 8520
6 9 2418
31 13 3287
52 28 5490
47 61 2800
36 65 705
24 3 1758
35 38 754
6 1 7104
28 10 6146
61 16 9054
56 62 3638
34 26 4623
46 28 9800
4 47 1378
43 27 6795
41 52 6735
9 43 7030
59 15 2214
25 41 4077
62 55 2904
7 3 4444
22 7 5781
47 54 5674
26 10 3511
50 66 7324
18 22 8870
42 24 5949
4 53 5435
42 27 3474
4 39 7002
50 46 2607
56 36 626
44 67 7011
66 8 7848
43 9 2751
1 67 9895
67 33 7119
15 46 5784
21 42 2596
67 34 6856
11 39 5862
20 8 2058
4 42 1407
19 48 2663
53 21 9241
40 16 6788
58 20 1297
43 6 950
58 41 7220
44 50 7206
22 23 1919
27 13 5565
56 3 9865
67 9 5866
16 45 1079
36 3 5786
15 8 8241
49 9 5126
22 35 8856
50 49 8867
46 21 1359
40 67 9436
37 18 3001
34 43 7626
64 5 1435
48 57 5994
34 27 4918
43 28 5444
26 57 8237
32 58 3790
23 63 1668
24 40 6970
62 22 5929
11 62 9910
65 52 5016
44 47 5786
24 11 1158
39 33 7039
20 13 4554
45 16 8059
14 32 6113
15 26 5240
16 56 2076
25 62 8057
53 59 4771
9 17 7457
46 5 8922
33 11 7084
22 31 9281
27 9 713
61 22 864
67 36 1477
67 59 5444
31 45 8142
53 63 812
5 9 2636
4 19 8754
42 12 860
29 20 1517
15 27 3052
50 56 2289
34 43 5452
50 68 6398
22 12 2198
3 55 1288
40 58 2910
35 14 7054
26 54 1720
40 35 4124
13 34 6296
54 28 9645
14 13 5453
30 32 2556
9 13 215
38 57 1031
9 55 1691
8 54 6127
59 65 2673
9 47 6495
31 18 3650
8 15 8561
58 51 1052
55 47 946
29 53 6347
17 61 7617
45 82
10 6 5844
27 7 9324
26 25 6361
14 22 3038
17 43 7238
12 15 8499
43 16 506
26 22 1975
39 41 8417
45 22 8538
12 39 3760
13 1 6230
39 1 381
40 25 6991
2 29 8185
33 15 6285
9 10 4705
18 2 5051
4 12 7073
6 9 7460
23 2 7223
27 31 405
28 29 2639
14 7 2142
38 18 1198
3 18 4433
9 23 5213
30 26 8746
29 11 269
28 25 1650
17 15 9858
14 11 3471
10 11 1040
3 33 9855
42 36 5959
45 33 7206
43 23 6751
31 30 8078
8 40 6467
27 41 6531
25 45 1698
19 42 4112
11 29 3125
22 31 548
11 14 1521
29 11 5617
2 8 1627
43 2 8260
42 19 6082
23 20 896
15 34 2338
20 21 6558
11 32 9857
36 31 1772
28 20 6774
10 12 3032
26 14 4004
9 14 3926
33 7 3009
30 13 790
34 39 6523
3 37 9931
7 2 4389
20 19 9494
11 23 2207
43 39 3015
1 9 4480
18 41 1001
19 34 2934
5 30 9631
12 11 6647
12 39 8124
14 15 6190
18 21 5203
20 19 1496
33 36 4832
36 22 2032
30 19 9529
43 15 7300
32 39 1043
44 22 536
40 19 8130
24 189
15 11 9121
3 24 2387
8 24 5659
3 4 2091
14 22 3766
9 1 5435
14 17 8196
7 5 3913
9 16 4577
3 18 870
16 22 5357
5 21 2180
17 5 1603
10 4 6006
24 4 3812
14 17 8892
20 17 7846
23 3 8239
12 11 1624
14 7 1710
11 2 4735
22 3 4501
3 14 4563
4 19 6116
13 5 555
7 18 7358
15 3 4353
20 3 8676
10 11 604
14 18 3596
15 3 675
4 3 9901
20 16 3342
1 11 7560
10 5 8271
22 17 3052
14 20 6335
1 2 4008
19 1 1311
19 14 7458
16 15 5889
9 1 1362
13 16 2066
7 9 6128
8 10 2730
21 16 98
5 4 7306
24 18 680
7 12 7892
13 5 1886
24 14 258
13 22 4595
21 15 1344
9 4 2344
2 21 3782
4 2 1060
23 4 9037
10 7 5210
10 5 9790
22 14 3821
15 10 4237
8 9 846
7 21 5741
2 18 2272
8 17 8087
10 16 7210
4 11 525
17 19 9790
11 21 7050
8 19 1302
8 20 3089
24 9 1372
21 18 2034
8 9 4894
11 23 8380
6 11 2360
21 6 8721
18 14 8580
5 2 281
6 17 4171
23 13 8741
20 4 5059
20 1 5404
10 23 6170
14 9 6537
8 4 9682
12 7 7045
14 5 6970
12 20 1816
9 1 9294
8 24 179
20 4 2236
6 7 4860
4 1 2259
8 3 9992
13 12 8153
1 14 699
16 6 1653
21 16 2932
6 13 2504
18 8 1521
3 2 5155
12 7 1739
8 7 3568
7 18 3229
12 15 8955
5 14 9038
24 23 9275
7 4 9623
18 6 9636
4 17 2777
18 1 1822
2 10 1101
15 4 6923
10 3 1327
14 15 7098
21 24 4470
23 18 9802
17 15 6651
9 7 6962
13 14 2566
7 6 1494
24 10 7260
18 17 8129
18 23 374
19 4 6585
23 6 3713
2 4 1276
1 10 522
6 7 5794
7 8 1963
21 1 3738
17 22 9436
23 5 7739
19 21 6279
20 9 2612
14 17 8301
17 19 6192
7 19 8358
13 17 6973
24 13 2154
6 5 4698
6 20 3328
4 22 2666
4 21 3185
17 11 3964
15 19 9269
8 9 9225
5 24 8665
7 9 9217
12 5 7452
10 16 6676
18 8 4077
20 16 4632
17 23 3930
16 5 7112
11 5 8546
6 18 3282
21 13 3655
17 15 698
7 4 2611
8 17 6844
23 3 3488
5 10 2582
9 14 7157
12 13 677
12 5 7562
20 15 5493
18 10 3775
9 18 2039
4 17 8194
23 4 1292
3 15 2939
10 16 4898
5 21 1801
20 2 2928
17 24 2081
17 16 5393
7 2 3540
11 20 6482
18 24 5145
11 5 703
13 11 9954
12 5 1075
21 1 2332
12 9 1404
18 2 6122
5 13 7483
16 17 1235
94 21
45 51 9782
92 2 6407
2 93 620
78 88 6083
51 84 3146
90 48 4764
44 77 2491
35 7 7202
69 58 5362
86 72 4313
30 26 6161
67 3 7890
89 68 3303
19 60 8044
4 32 4713
19 61 8278
1 89 2871
43 40 3554
40 5 1402
67 25 2153
18 67 2228
50 124
34 18 3627
30 47 1814
22 4 8966
41 47 3408
47 33 6038
22 27 5865
25 1 9328
15 17 5369
9 1 7004
45 1 1845
19 40 6396
3 47 4339
3 13 7128
20 34 8076
11 23 4337
8 15 7392
8 31 732
1 48 8998
46 12 6526
9 47 9616
43 7 8460
4 11 7710
28 9 2598
21 20 3385
21 49 4878
41 36 5478
23 20 6784
7 50 4339
47 32 9798
32 20 2992
45 2 356
30 43 1905
27 9 4189
10 5 945
8 6 3254
50 17 465
11 6 1973
7 19 7462
31 12 8959
1 46 3837
23 2 1081
17 15 2605
49 41 5290
46 1 1515
1 35 984
15 22 7988
49 30 7425
5 40 7440
45 14 1723
20 6 8215
23 44 7295
16 37 2928
32 42 6248
40 3 5939
29 25 1559
3 26 4202
13 31 4797
17 3 8905
33 2 1945
6 4 2261
28 31 6258
34 20 7729
14 19 7941
31 42 4771
40 10 9777
9 3 160
43 28 6463
39 1 4271
4 2 1029
9 42 7779
34 43 7497
28 43 348
37 2 7778
36 39 6444
13 37 2558
3 43 5523
46 50 2546
32 40 4230
50 1 4094
20 11 3709
21 39 5091
2 33 7853
33 42 9068
34 47 6348
15 27 8614
50 19 2762
4 50 155
1 41 9710
15 19 1860
32 28 7501
39 47 7711
36 10 136
6 4 3725
2 7 3254
23 44 3246
8 7 1113
17 22 3195
40 35 8557
9 48 3818
24 26 3326
32 8 2619
28 34 2129
15 21 7740
46 7 6718
18 4 6638
15 9 538
7 26 219
9 18 8207
21 10 6252
27 15 2731
22 45 2486
30 41 4017
24 43 7377
19 24 7651
13 28 8934
15 40 9666
16 37 2778
30 40 2949
35 45 9332
30 50 7536
26 25 189
39 41 2573
37 1 9928
43 34 7574
30 97
5 17 5669
11 8 8205
15 14 7531
9 27 1588
10 3 9801
1 4 6528
15 28 3192
3 28 4813
30 21 5348
19 20 1925
9 29 6567
24 23 9896
10 26 9147
27 4 3498
6 27 3946
23 5 5047
22 19 3028
7 13 2350
16 13 4090
4 18 5371
7 11 795
30 22 7240
6 17 885
5 15 3700
28 6 3184
12 14 9561
3 2 1995
28 4 4663
24 6 8593
6 9 2954
15 19 925
13 23 3160
17 16 983
2 28 7922
4 22 5843
24 26 9140
27 19 4701
9 30 3882
20 16 83
16 19 398
15 19 6840
3 23 5807
11 8 2411
7 8 4410
1 14 7373
27 4 6477
13 4 1878
20 15 8229
17 18 6582
20 3 6458
11 3 6389
1 3 8463
1 20 5542
22 2 6223
11 4 6415
23 28 7107
3 27 4128
23 21 2550
24 26 4909
29 11 5898
11 23 1240
18 20 9773
10 24 2548
8 24 6864
27 30 2408
28 27 5414
19 17 6525
15 4 2413
11 30 7753
28 4 117
10 19 552
18 21 7456
21 15 3257
30 16 5805
18 9 3167
15 27 1020
20 21 5783
10 14 2259
7 17 9803
17 2 6445
25 24 1111
15 28 8807
10 7 9126
15 28 9141
27 2 6816
18 7 3630
7 12 1316
18 12 6307
5 6 1207
14 5 9746
9 13 5639
20 19 6045
19 9 3632
29 3 6838
5 30 3559
11 28 782
2 9 1508
37 106
7 3 6578
15 36 5983
5 21 6113
34 25 5763
16 12 9202
33 17 954
22 35 6506
36 32 541
17 28 8876
21 12 2809
9 11 3053
31 15 8631
15 11 494
31 21 4855
25 15 7378
13 25 6222
16 2 3568
32 11 8814
20 33 9099
2 25 3902
16 12 1712
32 7 8742
22 26 7946
28 2 4156
21 25 8009
2 28 7165
37 29 776
31 32 4225
24 13 6406
20 8 9061
22 17 5105
28 2 4480
15 4 6314
29 15 8628
13 28 628
22 19 3396
25 9 6484
3 5 5722
16 34 3759
33 34 8567
34 5 1054
2 37 8787
20 17 7674
25 33 6838
1 6 7236
26 9 3430
3 18 1719
14 21 8364
37 8 9132
9 37 2342
1 11 8731
12 7 6467
20 16 4690
35 18 7072
31 27 7982
26 17 3521
15 21 9215
11 20 8510
26 36 1747
6 28 1466
19 18 5770
13 10 1302
20 26 1265
9 25 6806
15 23 3710
9 36 4548
10 22 6585
36 9 63
22 36 6548
12 33 1815
36 30 9534
26 18 7534
16 12 1166
7 34 6165
35 31 1156
29 14 797
23 3 8706
18 23 7822
29 32 1845
28 37 8375
26 12 3126
28 3 7564
15 12 9418
1 21 3278
11 1 2720
30 9 4528
22 19 9713
23 12 3996
8 3 4946
9 17 7852
27 8 1126
20 31 175
11 5 2503
19 2 9158
19 24 865
14 15 6139
11 15 2083
7 1 4211
10 33 8008
15 29 9608
33 36 3634
20 33 1528
3 34 4261
22 31 5856
14 37 8789
33 4 405
14 54
12 9 578
5 8 7264
10 14 8875
9 8 2320
7 10 6421
9 12 632
8 11 670
14 9 5210
10 2 3175
6 5 7145
14 11 7544
9 7 6410
14 3 4216
1 14 5316
7 3 9917
8 14 6922
13 4 8664
7 1 1811
6 13 9432
3 4 3361
9 8 1226
7 9 4789
4 1 2959
4 1 7909
2 7 7237
5 4 7222
8 14 1815
4 10 3297
7 6 9394
3 8 5610
1 6 5818
4 1 4934
1 6 9946
13 7 4539
5 7 418
3 12 2252
4 14 5053
8 3 7503
10 13 5203
6 10 6133
6 14 7593
6 5 7122
2 10 1879
8 14 9387
13 1 3301
12 8 1268
12 7 326
10 5 9376
5 6 7464
13 2 7048
10 1 8680
10 7 1942
5 10 195
9 11 7406
22 52
18 16 7154
22 13 4393
1 5 7997
2 4 635
5 20 5915
4 8 8902
13 3 7227
19 2 1342
5 16 6514
14 21 620
11 17 7650
14 13 9619
10 20 450
21 12 2289
13 21 7560
5 7 1789
2 1 8296
13 7 4613
16 8 10000
17 16 5282
14 7 7254
1 3 2942
12 16 6837
7 18 1612
10 7 8166
11 18 5779
1 9 6639
10 5 7576
4 22 5916
2 20 8039
17 8 2723
1 4 712
17 13 1258
12 6 7537
22 20 2071
3 6 7942
9 12 9784
8 6 1343
11 3 4045
22 18 8726
22 15 7739
8 17 1983
15 11 321
5 4 6255
19 11 1301
19 18 5732
8 17 7416
17 14 9469
5 4 4634
1 2 9629
14 17 1507
7 6 2746
55 69
25 40 5865
32 46 6381
21 30 6902
52 14 1241
7 24 3676
38 13 9779
20 1 7156
52 30 8276
19 54 3455
27 10 7750
40 21 7677
12 33 3601
28 20 5333
18 11 5844
49 13 3500
26 46 5864
34 21 3318
32 22 3849
27 45 235
43 6 4951
49 6 183
2 25 1840
16 1 206
27 17 7643
50 54 109
42 19 5544
42 39 3404
49 25 1284
33 28 6100
21 34 3837
49 51 8408
25 16 1903
50 14 4016
10 12 7020
44 45 5834
48 53 6745
6 41 6860
50 41 4855
13 14 4741
6 34 9304
30 8 1456
34 48 9623
9 28 4071
21 14 2227
22 51 1008
41 32 9565
12 10 9151
46 20 578
29 45 3898
55 18 7878
33 43 3379
18 38 6874
29 9 217
2 23 7810
8 36 5678
55 29 3323
26 2 3821
46 13 1398
22 40 3527
9 25 4712
55 37 1571
54 33 4204
39 28 5115
33 37 9062
49 12 4617
29 41 5394
41 55 5683
7 13 4046
35 55 2389
5 114
2 3 4472
2 5 6766
3 5 9710
3 1 6479
1 2 2569
1 2 5201
2 3 5808
3 5 4981
4 2 3303
4 2 9166
3 2 8324
4 5 2926
3 4 2870
2 1 5068
5 3 6884
5 2 4204
3 5 5780
4 5 3267
5 4 9577
1 5 7350
5 2 6886
4 3 8910
5 2 7046
5 1 991
1 2 3492
5 1 5409
3 2 1257
3 1 8237
2 3 6792
4 5 2516
1 2 2543
1 3 4648
3 2 6658
5 2 8641
5 4 589
5 3 2917
3 1 8159
2 4 8467
5 1 697
5 4 1636
2 4 6395
2 4 7562
5 4 714
3 1 5235
4 3 6594
1 4 9764
5 1 6117
4 2 608
1 5 9421
3 1 331
1 4 760
2 4 5527
3 2 9006
3 5 8818
5 3 5820
1 4 4430
1 2 1607
1 3 758
3 2 2581
3 4 5899
4 2 8641
4 5 7289
2 3 4633
2 5 566
3 1 7234
5 3 4790
4 1 9732
2 5 9413
3 5 2857
1 5 1405
5 3 5270
2 5 6773
3 2 4481
2 3 6421
2 4 6248
1 2 4188
4 1 8192
1 3 570
3 5 2322
2 4 3655
4 2 9822
2 3 1299
5 3 4128
5 1 4919
3 5 9841
3 4 8708
2 5 593
1 2 471
3 2 9388
5 4 9618
1 3 4423
1 4 3768
1 5 807
5 3 7692
4 3 265
1 5 3895
2 1 6326
3 2 6567
3 4 4623
3 4 6179
3 2 9163
3 4 5284
1 2 9508
5 3 1974
3 1 1664
5 3 4012
4 5 4501
3 5 1332
5 1 8920
2 1 9153
3 1 3516
5 1 2715
2 5 5202
1 5 1506
98 188
45 18 5615
68 87 2700
51 56 9904
51 24 7380
61 13 6097
12 13 533
83 50 8077
27 47 7126
88 41 3982
30 88 196
13 57 5640
51 5 425
84 52 8314
87 41 6418
55 20 1263
98 21 5081
44 56 8513
7 95 9966
17 87 5254
56 9 7170
89 82 8522
32 71 793
12 80 907
78 31 6029
64 66 3632
19 77 4858
77 21 6454
62 6 2523
19 47 2149
2 56 9984
47 28 9397
45 28 9244
12 82 1561
75 31 4928
76 29 3592
10 48 9624
90 28 9103
24 18 6292
10 71 3827
59 66 7868
59 83 9714
97 71 751
36 23 3530
71 72 6564
20 66 6097
42 56 3029
57 9 3404
47 65 1917
56 22 5763
20 43 1487
97 12 6628
57 68 1332
90 74 3628
3 59 9561
35 68 4332
92 89 9109
98 26 1926
21 73 589
82 89 9261
23 51 6791
75 30 2959
79 39 6377
81 84 3198
97 33 5502
91 45 9252
36 11 6303
85 72 2371
54 81 4998
61 82 2719
29 39 4207
86 7 6864
54 84 7244
2 73 9699
76 91 1434
59 71 7996
91 53 5976
24 28 1216
12 48 9896
90 13 6544
71 97 9534
40 41 8870
96 50 931
87 26 3115
43 95 1487
75 54 1336
38 74 2894
4 11 4780
94 64 5006
61 5 3091
21 14 8861
37 13 3461
45 5 2601
52 11 7158
21 70 1798
37 33 7317
54 35 5686
92 6 930
45 38 8967
56 75 2440
21 90 4321
34 64 9475
37 31 1801
17 37 5745
86 53 8526
29 46 7843
24 35 2227
85 81 9125
55 76 7596
8 37 9876
20 7 7911
79 41 6878
78 82 7483
66 43 9003
17 58 163
65 83 250
75 20 9228
3 34 2420
73 12 1142
10 66 235
89 37 344
80 82 1241
59 98 4778
77 87 6973
83 79 32
80 95 4165
28 70 8872
5 87 3698
29 30 1195
24 7 5915
81 7 5128
95 39 6984
27 73 5506
60 74 6459
26 95 9400
82 83 2917
60 66 9995
69 9 822
58 26 2913
39 17 2184
81 30 643
28 21 1753
68 85 1359
24 47 7634
40 70 2145
78 86 8070
62 72 2613
72 94 5470
51 44 1368
8 16 2773
55 38 3572
50 70 504
43 96 1250
17 88 911
25 63 5584
96 74 8555
49 60 2619
18 66 6554
25 33 990
62 23 6377
77 33 4232
2 63 2483
37 93 4445
16 55 9116
56 35 6906
89 64 9163
87 41 1542
52 48 4681
70 63 6665
66 3 7878
29 28 5557
52 23 2270
30 91 3321
60 47 5491
93 33 4230
61 50 7153
19 56 3188
79 80 7723
58 50 1860
58 31 3608
49 14 6400
5 7 7751
65 68 7093
6 35 2790
49 50 4567
81 1 3293
27 19 5367
82 6 3468
53 34 5831
28 29
17 10 152
23 7 6378
24 21 660
7 17 115
13 14 7301
8 2 8933
26 4 1548
6 23 9419
17 7 3344
15 16 9306
26 2 840
15 8 4197
13 7 9632
22 3 1631
20 4 9024
10 6 7674
20 4 6856
11 14 2062
20 26 3180
14 10 2041
7 21 352
19 9 5388
10 5 6728
28 7 2834
28 18 7614
21 10 4087
19 13 5557
28 20 5202
26 16 2677
95 49
70 16 6062
1 32 6573
81 68 898
35 1 7977
88 7 3536
34 5 6847
95 72 5213
62 68 6631
7 31 9508
20 33 7143
84 93 9355
38 85 1382
90 16 2576
2 35 6512
79 54 2154
50 2 4292
37 22 9063
66 40 7818
32 69 8879
68 25 3810
55 82 9488
88 61 4403
42 89 7001
52 90 6378
94 83 435
63 51 3298
83 14 4664
68 84 11
30 90 2060
45 12 460
68 3 7168
32 19 8267
58 43 3653
43 4 4637
65 7 6151
92 31 1195
12 25 5599
38 21 5402
55 19 2465
59 57 2796
57 52 2974
66 82 3557
48 84 6891
94 39 8319
76 63 7519
81 7 3633
26 35 3594
62 29 616
23 50 8548
95 97
7 91 3949
46 13 9391
52 71 8055
24 55 5766
28 10 9700
50 33 5512
82 8 3198
60 82 8847
5 3 1394
73 39 9515
5 24 6535
91 6 9747
40 50 2025
77 40 8511
24 89 3364
4 28 84
81 79 5629
2 81 3189
63 81 5814
83 56 3020
79 28 4655
44 22 4190
38 6 8216
18 91 8697
49 88 1803
93 31 6737
72 83 152
92 44 7449
85 24 7926
48 81 1065
47 77 4505
80 42 7633
69 41 497
19 39 6550
4 51 9300
56 66 4909
82 65 1672
73 3 7477
67 9 9857
19 70 9252
25 69 5601
82 91 9975
60 67 3121
36 76 579
85 48 7894
40 13 7001
19 20 6828
72 2 8067
51 72 9222
89 14 321
41 73 8562
38 67 4904
9 49 4658
40 75 5311
71 58 6654
61 92 3120
34 50 6863
33 5 6769
26 11 384
80 68 6802
94 50 5947
86 6 5592
90 15 3678
20 11 5809
23 60 5529
44 68 9089
67 13 9427
12 30 4975
5 2 2973
2 56 2653
43 45 3662
22 43 5222
9 34 1342
73 32 1611
77 64 4988
20 49 3330
31 60 8751
11 56 5491
47 90 7374
33 8 965
43 25 3389
19 65 9843
17 54 142
13 28 585
92 46 4974
15 51 61
14 52 6482
53 10 7344
77 69 2908
66 31 4053
76 66 6323
48 37 490
37 23 5952
93 36 5933
51 65 7073
15 55 253
74 57 2238
22 124
9 5 7145
18 1 572
19 9 9081
13 14 8728
21 9 3917
4 14 2249
2 7 3327
8 18 4856
22 1 4597
5 6 1848
1 16 3397
2 11 1681
11 8 2086
9 7 3372
20 15 7329
20 18 2140
15 1 9206
3 1 9931
10 13 8042
15 3 3355
7 2 7025
10 20 1218
10 12 9717
10 21 7899
11 4 7206
3 6 8750
7 3 2435
6 13 7901
5 11 2662
8 17 7124
10 20 8098
21 18 3877
2 7 7636
20 7 54
20 13 1352
10 1 3409
13 5 4243
13 12 1155
12 1 4476
18 6 2967
22 3 7290
11 2 3877
11 12 9681
1 19 1870
2 5 8222
8 2 2786
3 19 5210
2 10 3384
19 7 9365
18 5 8041
12 5 7329
15 16 5087
19 21 9374
9 18 1288
5 13 5643
8 2 9096
8 6 2028
22 18 7182
22 15 3359
17 5 5966
14 6 5189
2 21 1219
3 18 1201
21 7 531
16 1 9680
8 18 7024
9 15 2904
14 5 4285
11 21 8717
22 3 7786
2 10 5826
15 18 4798
7 15 7291
21 18 228
18 9 2069
10 4 3292
11 6 6419
10 12 2288
3 16 1035
16 20 4942
19 18 1870
16 21 1352
13 22 3354
18 21 5678
11 9 8839
22 10 4071
11 22 8585
14 22 6726
16 18 1999
11 19 738
2 10 2785
22 10 6885
17 2 5917
9 22 3704
2 14 6981
10 21 5967
17 22 9792
9 13 3650
22 1 1745
8 5 55
16 7 7319
6 9 970
4 6 5730
6 8 8631
7 1 2946
11 12 6941
7 18 7294
10 22 1223
4 6 231
15 11 1428
11 2 8316
10 18 2689
2 4 2631
7 14 7117
19 14 3743
13 2 8064
13 7 5596
21 4 8003
11 10 2047
20 2 8554
7 20 8165
21 14 7487
12 1 8556
1 13 6261
73 29
46 52 7042
30 57 780
72 32 6924
18 13 7544
35 43 2201
24 35 6610
5 33 4185
48 50 380
50 11 1381
43 49 323
49 69 3508
32 58 5399
21 53 1840
4 36 5773
33 67 4967
57 61 9265
43 37 1004
29 4 4080
37 3 9887
2 18 5214
25 24 5731
6 39 307
16 50 218
6 28 9456
18 50 62
55 6 654
33 71 3888
24 1 5455
46 9 2272
64 185
57 15 5113
17 29 228
62 41 8716
27 26 169
19 41 8989
13 39 8951
13 18 7172
39 15 6377
26 9 9589
33 29 8127
16 12 2078
11 13 2639
22 10 6062
4 16 678
1 28 7738
33 59 5812
13 7 6514
52 27 5737
42 51 1087
57 6 5207
55 63 8469
1 21 7928
28 25 4592
53 14 209
50 62 3137
64 52 650
2 53 1226
60 44 1782
37 22 1570
10 47 8496
42 18 2314
5 39 4465
58 4 804
58 6 3718
4 12 5950
17 3 9657
33 44 9129
38 13 6925
18 54 2987
41 35 7510
34 58 5971
21 10 6323
7 29 842
46 33 6922
49 7 2035
62 30 9257
51 8 1702
51 23 5855
15 24 7786
59 55 9723
53 9 7129
9 52 3796
8 47 634
25 60 6901
14 51 2618
44 56 4308
25 43 8872
10 59 9716
20 43 1759
28 11 7747
18 35 2492
22 44 613
45 21 8907
54 18 8974
63 55 2927
3 17 9048
5 35 9572
13 29 3531
50 59 7126
25 1 4648
64 33 1932
5 56 6197
47 41 9987
57 49 8184
47 45 6028
19 53 3866
52 64 7229
61 51 9555
45 2 3936
43 20 3963
32 12 5889
20 39 8481
54 62 1770
19 15 5727
53 23 4720
46 44 7934
6 30 6052
64 13 4617
50 42 3458
19 10 7987
20 46 4979
39 56 3082
60 19 5062
56 11 776
12 64 6494
15 42 9883
61 33 9991
26 62 8406
14 53 3083
41 10 8717
5 25 8587
62 41 1728
36 21 8411
32 35 5406
39 44 2455
46 29 6118
35 61 992
35 19 8544
14 32 7552
56 25 6195
43 9 7672
60 22 3787
35 59 3371
22 28 6638
64 15 4497
31 55 1479
5 48 15
54 25 982
17 50 3656
17 20 5877
43 51 3876
47 18 8231
5 32 2794
61 13 9175
28 61 5866
16 20 2499
2 29 7573
62 11 4395
59 37 1985
11 63 3618
10 57 2805
16 53 9628
29 34 5804
36 21 4335
35 16 9534
20 6 7976
57 16 4934
58 62 6287
34 55 8759
24 44 5164
8 34 8747
36 5 8499
50 35 3432
62 47 1051
35 14 3140
50 31 353
15 20 3462
3 35 7432
49 40 2655
35 2 3085
61 24 6808
24 3 5751
61 51 8281
26 58 7783
8 20 147
23 45 167
30 52 5749
59 29 2589
60 62 6007
35 41 7958
38 2 8294
48 55 8962
47 13 9327
48 39 7863
5 60 3419
29 50 2251
64 13 4476
42 18 1691
12 57 9339
55 12 430
34 40 1229
1 59 3366
64 32 3045
3 33 4
39 46 6742
17 52 3049
10 44 7067
38 32 375
23 28 9751
45 43 4321
49 64 6298
40 44 2016
61 53 7285
13 8 658
54 35 7664
57 67
7 20 8578
26 7 25
21 29 8634
43 39 6640
4 13 5325
26 33 1502
16 28 7757
24 29 6034
57 10 9603
9 38 2201
22 57 8060
36 23 3695
36 18 5625
1 35 1736
46 13 7322
15 26 7100
46 38 8451
36 28 8485
6 19 9027
35 38 3327
34 25 4549
42 21 1828
33 5 5840
16 33 5061
55 53 7784
20 40 4779
57 28 8658
22 8 928
26 44 5565
33 11 1751
38 20 4956
48 52 5396
19 2 3548
44 1 8344
13 47 5467
3 34 7696
19 48 563
24 37 9654
57 24 238
9 8 987
39 21 9448
49 55 4493
16 56 662
36 20 4056
29 52 1872
42 10 1425
45 48 3218
53 4 1863
51 15 8140
20 46 1137
31 3 3310
54 17 5851
40 26 475
50 1 4165
50 27 725
51 57 3414
29 33 5925
32 52 2278
48 15 8877
12 21 1442
45 24 2869
13 7 8112
7 3 5519
12 27 8573
19 46 9598
47 43 7823
40 11 4686
68 31
28 60 3113
63 10 9683
56 9 7701
2 23 1846
37 45 2962
26 49 2541
31 41 4084
28 40 1184
14 38 513
13 43 3077
27 26 8340
66 15 2496
9 23 8956
8 55 804
53 8 5148
58 49 4456
47 60 1844
30 46 6831
1 61 6755
39 40 4966
65 45 9229
6 44 5674
21 30 6386
28 41 7265
47 1 576
19 54 2
18 24 5360
25 13 1559
37 30 6114
42 44 9917
51 23 6915
90 159
32 72 4194
20 66 5360
18 53 7741
21 84 4355
47 15 5853
21 42 9723
81 14 8135
60 21 9798
41 76 7050
79 87 7617
89 1 4240
45 61 2466
21 43 1039
36 85 7217
10 77 5685
39 84 6385
21 10 4178
64 78 5854
59 62 3275
56 77 6256
87 34 7123
3 59 3785
37 26 2997
81 34 8924
58 44 9783
88 35 377
56 84 9139
26 29 5126
78 86 8969
52 58 2224
67 8 3058
68 78 2750
62 1 6144
15 14 3588
21 6 7630
51 6 7099
71 73 1589
41 84 9884
71 20 851
4 32 6922
41 86 2757
13 32 7230
76 59 9828
36 49 2887
59 35 8767
81 20 6949
83 22 6088
57 73 7303
13 19 394
59 57 802
4 27 9963
45 19 4480
87 45 4401
16 80 2144
1 39 2414
48 69 7759
57 44 1065
77 19 7661
86 58 1649
10 86 1279
1 36 1980
19 45 6822
58 37 7904
67 26 3394
10 73 7422
69 87 9794
1 22 3234
18 73 711
69 68 7849
33 23 3572
82 71 9647
36 70 6387
58 49 9993
70 24 1617
2 48 9854
19 50 91
48 53 2265
35 64 4653
66 56 198
7 38 2004
85 1 9664
34 30 8545
40 56 5612
52 26 4470
53 4 1015
52 51 4931
83 22 203
52 73 5301
2 16 474
19 59 7013
63 24 2235
59 19 131
69 17 5432
76 27 356
17 57 6865
4 5 2528
76 74 6888
73 52 9318
66 3 5903
22 89 3875
68 86 5359
64 3 5104
54 43 9710
53 59 2258
69 27 6796
50 25 9775
50 40 1824
21 44 3420
46 75 4139
4 65 9722
65 12 4976
46 26 7109
52 83 7808
68 90 4856
51 25 1892
6 81 8715
53 13 9565
71 76 5064
5 21 8813
26 47 1911
42 81 6434
89 50 9105
15 28 8357
87 43 3705
44 40 6
16 45 3110
76 7 4816
20 34 4012
72 88 7926
17 1 2123
11 80 3214
50 16 9275
74 12 4348
13 6 4367
53 75 665
61 81 7469
40 83 338
52 90 8831
32 70 1006
8 77 9123
81 59 1822
84 51 6684
90 30 8220
40 28 7996
37 29 1470
35 10 2970
28 45 7728
52 38 145
58 14 3452
36 72 9536
41 20 1781
32 29 217
56 65 5380
73 9 6968
40 85 1181
49 86 2697
37 4 298
9 72 1675
25 50 9443
36 157
35 25 4643
10 22 3099
20 22 673
4 9 541
7 12 1535
2 21 4363
16 8 3866
12 16 6673
34 21 2506
8 22 1995
31 30 4464
8 10 1542
24 32 5396
18 5 8750
34 9 7506
4 29 7394
24 31 9428
27 5 4841
25 3 4494
28 7 7181
19 35 7772
34 30 5501
35 3 1783
21 30 7366
3 25 2722
12 10 6544
33 28 3142
14 2 5447
21 14 3896
3 18 3136
26 34 7095
33 22 5872
7 28 8078
25 26 106
24 10 5499
32 4 6452
36 13 6093
3 18 5090
15 14 8868
29 20 7016
13 18 9844
34 9 7726
24 29 4184
13 20 5980
23 33 7984
2 27 1711
19 2 2153
26 24 2353
17 28 6948
22 34 5502
3 18 2925
25 23 1083
25 24 6902
22 5 1077
13 6 2417
33 36 2955
34 21 6767
27 13 8197
10 24 3980
14 26 6958
1 12 9016
28 13 3240
18 1 5316
5 19 5290
29 25 8627
13 6 5771
17 1 4473
6 30 3527
35 33 7413
8 31 8417
17 4 2499
17 27 617
1 29 4373
30 1 6425
14 5 2883
22 32 3697
19 20 7707
34 21 6808
10 25 3480
17 19 146
27 20 2938
1 5 6362
35 2 7669
27 28 2777
35 19 585
2 16 5080
7 5 3201
3 4 4356
31 18 7690
12 33 8098
15 1 4735
23 15 7493
34 21 9399
20 15 5982
17 28 7752
1 4 6332
26 34 3517
29 17 5367
16 19 5851
7 33 5494
24 34 1622
14 33 3431
34 5 1340
29 26 1095
9 15 4720
23 32 793
16 28 1590
26 5 5450
2 21 3263
36 18 6240
19 23 4180
17 18 8069
4 1 4292
4 7 981
35 25 8173
6 21 7950
8 25 5982
1 31 6499
13 19 8291
29 20 381
2 24 6470
10 3 183
21 29 2044
18 26 7866
17 30 4999
19 3 2210
22 23 3616
35 19 4452
14 4 5741
5 32 9675
8 5 7019
11 30 3503
33 34 4309
16 3 1626
35 16 2086
7 24 4729
35 15 5687
10 5 3598
35 29 7237
1 27 1484
5 22 7234
17 36 824
14 17 8009
3 14 5617
10 27 7504
2 10 4426
18 33 2684
9 5 9943
17 1 7926
7 33 7715
7 22 7558
12 23 3218
25 8 1684
18 22 4604
11 34 788
5 3 6592
24 23 657
76 118
63 45 2998
63 14 7966
36 49 9065
3 21 6722
21 58 7834
71 33 1786
35 46 8135
21 45 5804
15 2 1979
20 25 1246
13 45 8541
75 44 7948
38 74 7317
6 54 3047
70 35 7081
20 14 535
53 8 8413
69 1 2633
61 35 2368
33 41 1473
19 5 6270
45 8 7153
28 47 7623
10 5 6905
31 22 9177
70 30 8357
68 30 5295
5 60 6014
65 14 2814
53 60 8057
6 74 8649
60 27 6407
44 40 9400
61 12 5454
19 73 7400
24 31 8662
55 72 8431
1 40 6334
5 34 1486
30 70 6857
66 11 1737
21 64 6973
6 33 103
6 76 9356
54 3 552
48 21 746
37 29 386
23 10 9810
58 72 8762
27 31 2757
11 42 4038
18 67 3266
16 24 4933
70 37 5690
76 8 5046
69 11 1624
63 61 447
35 36 9652
18 39 9563
37 59 7020
41 36 8994
57 63 6265
49 5 7549
51 72 6630
58 25 771
14 71 8221
6 67 9824
18 29 8780
1 4 4928
37 63 2745
27 43 4789
57 17 4864
18 2 2288
56 19 3537
44 40 7609
48 51 16
58 35 1465
72 54 3936
1 17 767
6 10 3939
52 32 835
55 58 2185
36 11 1789
67 71 725
71 24 270
52 29 533
31 59 3446
54 5 5003
26 25 6543
49 73 6443
61 73 3014
36 52 510
16 26 2583
27 70 9880
25 24 2265
58 67 6118
12 11 8465
10 48 3223
75 64 3267
43 69 5522
50 26 7669
34 39 2759
49 10 4092
49 64 2558
74 66 8672
28 39 2614
13 49 7640
53 45 7873
34 75 5912
28 5 653
25 3 4465
42 70 2598
39 11 7253
13 45 4087
3 43 115
72 74 8045
57 46 2207
74 72 8319
23 136
9 2 9205
7 9 5522
3 4 497
8 3 800
7 15 1975
20 15 5256
8 13 561
20 17 3493
19 18 7866
21 12 4626
11 21 4591
12 5 7783
23 3 9264
2 16 2290
9 15 6921
19 5 3283
1 9 1946
18 1 262
9 7 8948
20 9 5377
8 7 6402
11 3 704
21 12 8661
22 4 948
23 3 9278
19 16 6702
23 16 435
9 16 2590
7 21 6357
21 13 2098
22 19 4395
3 15 8785
23 11 5051
13 20 1419
12 15 4963
6 11 9465
18 11 804
13 3 9381
20 3 744
22 5 4511
3 16 6336
23 1 2976
2 17 5347
17 8 2467
23 3 5709
19 20 8886
6 3 3717
10 6 1075
21 15 4606
1 17 8585
23 11 2522
18 4 3498
19 15 6079
16 3 5133
23 6 320
13 21 588
14 12 9488
13 10 5672
21 23 7134
20 5 9298
22 15 5928
21 17 6659
7 3 377
2 3 5443
5 3 3275
5 21 9135
19 16 3987
16 4 1758
4 17 2212
5 1 8121
8 15 4983
19 16 556
7 22 5583
2 12 2263
5 1 4100
1 15 1102
7 20 6625
16 18 1900
2 22 8246
13 2 6576
6 14 4877
17 9 827
7 1 1975
9 10 7613
4 10 3269
5 16 3682
5 17 2942
20 10 5350
22 12 6567
1 9 5094
15 18 400
12 21 7818
7 5 3514
9 6 2505
5 22 3227
23 15 8835
17 21 5285
19 23 4878
6 11 3311
9 23 7450
22 21 4317
22 16 457
17 8 6322
22 12 6927
3 9 7966
3 2 4777
3 21 4226
16 22 9867
22 11 4390
9 6 5133
19 4 8454
12 21 7978
18 15 4252
4 20 2375
14 22 542
22 15 403
22 18 6264
4 6 1263
12 5 6664
15 20 2924
7 21 4621
5 2 4194
17 13 3593
7 10 5874
1 10 5505
3 18 2824
14 11 3316
10 13 7113
22 12 9533
16 4 7648
22 19 378
9 2 4148
7 15 7673
14 21 6095
9 21 2221
23 20 4502
54 139
29 38 946
13 47 9994
19 25 3418
40 2 570
50 30 9970
34 46 3081
19 25 8150
12 31 3769
45 46 5435
44 49 3147
30 26 2907
41 44 5934
54 35 3210
17 13 7624
17 18 4487
10 12 3654
42 35 5421
48 4 9028
12 2 2554
4 52 499
42 37 4175
53 33 9812
54 17 7215
22 33 2227
39 23 8032
3 20 1416
14 42 1438
37 35 5066
30 8 8495
3 6 2142
1 30 1607
14 46 2747
2 17 6144
18 16 854
19 22 2870
28 43 9534
48 22 3924
30 4 2666
50 11 7989
31 3 6680
29 31 3083
23 37 3744
45 11 2740
36 5 5775
37 41 2655
50 18 4124
51 35 5955
28 53 1081
32 30 3763
23 29 3111
42 39 1055
44 14 4740
34 1 3668
44 28 8127
51 27 2699
42 31 3053
49 53 5234
40 33 4811
5 37 3560
29 44 9898
2 35 9874
15 48 4324
21 8 2856
1 52 3831
39 23 173
28 26 1152
40 42 9690
41 43 3499
54 39 5643
29 34 7204
7 40 8436
18 39 7844
32 52 512
34 5 5339
33 10 5136
28 8 5377
8 13 3477
32 9 827
32 16 9154
26 3 8427
38 25 1513
50 51 1441
28 22 162
52 18 9823
44 21 5175
47 24 9468
53 23 8855
39 22 3170
5 35 8597
14 6 9145
16 8 8681
44 37 9675
5 11 544
46 50 2176
25 38 8943
40 16 8856
15 10 1904
9 7 7230
15 53 885
33 32 5258
18 21 5373
2 6 9246
50 10 578
54 43 2562
12 31 5218
1 54 1006
53 1 5702
49 37 2986
45 42 9237
18 47 7838
27 53 2368
38 29 8532
52 15 8517
43 35 9437
46 34 5958
21 5 200
50 12 12
11 9 246
51 32 1629
3 12 3100
7 40 2551
48 10 8501
9 54 2930
22 27 3349
29 41 7753
48 42 5006
37 53 1348
10 27 8553
19 46 7800
21 23 4553
47 30 2073
42 50 1910
12 41 8667
28 52 68
35 27 8512
42 22 9792
46 17 5710
27 32 6102
7 53 7593
45 159
22 38 538
2 8 9689
35 8 2754
35 7 9624
19 26 9309
25 11 2735
2 36 1992
36 2 5576
4 32 8340
31 1 8742
27 26 1916
32 17 3428
35 32 1330
4 21 603
35 21 2907
6 25 1367
34 43 7183
37 44 1481
16 18 7122
23 2 6931
31 22 4923
45 32 755
11 3 8466
35 40 6622
13 40 827
29 23 4821
45 18 239
16 17 3003
2 30 5540
11 28 7474
9 29 5109
29 25 1253
32 19 4122
4 22 9112
3 44 821
37 2 2758
27 32 5124
28 25 2633
24 41 6256
28 15 9745
39 17 1602
33 34 3391
4 1 5808
9 4 601
37 25 8896
13 35 3195
40 20 1332
30 2 4670
4 14 8900
40 14 1267
9 14 3729
31 35 7107
3 22 4929
22 45 1093
32 45 5556
28 24 8504
16 7 5265
10 38 2681
32 27 2861
1 20 5073
43 12 9643
37 4 1092
19 40 7820
13 12 8340
17 31 1880
15 1 3178
17 29 7646
14 1 3994
42 34 4956
5 34 3683
44 12 7323
40 13 147
21 44 9853
21 19 1952
27 28 8503
31 12 836
34 32 1426
3 45 4704
6 26 4392
38 7 1548
24 22 3892
4 28 5678
33 22 9345
1 31 5838
7 33 9603
30 17 4259
27 42 255
12 9 4695
3 41 4031
22 16 8657
22 43 7237
29 6 6471
37 31 6564
7 22 3811
16 33 1950
7 3 8266
8 4 3557
23 34 1425
26 8 5285
33 36 9515
34 35 7994
9 39 5180
16 8 1671
2 17 4075
14 9 6592
45 3 979
14 44 2366
40 20 6512
29 26 3231
41 10 182
18 43 8719
13 15 2853
24 30 1678
40 37 6046
29 6 5922
11 25 9378
29 24 6224
41 2 8019
15 6 4459
29 40 4238
26 20 9698
30 3 2187
36 44 5968
3 41 9601
20 25 5312
18 21 6530
33 38 1696
41 45 6744
28 27 3051
26 40 8515
21 16 3487
28 30 4471
25 5 3797
7 15 5335
39 5 7517
15 12 2943
17 5 4038
21 34 9250
7 16 9843
2 5 8830
24 36 9779
20 44 5661
13 37 7044
28 41 6058
3 6 4243
2 36 1593
40 11 305
45 37 5780
34 2 7060
12 40 1646
24 16 9396
45 26 3312
24 7 8846
22 3 3939
24 7 7010
33 8 1455
39 45 7159
25 26 3227
18 2 3232
51 54
45 1 3972
44 28 3007
38 13 7144
40 12 5515
10 6 5631
48 39 4265
50 14 8733
4 1 859
31 33 7202
5 23 1794
35 34 6020
40 41 1767
17 7 2998
17 39 1983
31 9 5320
40 45 9432
35 51 1665
27 5 5916
7 1 7678
37 3 659
13 31 2118
50 34 3556
35 23 9968
31 4 5419
36 35 4043
45 48 2346
27 44 3144
11 25 896
45 49 897
41 31 9056
19 3 3603
43 39 9550
45 40 7191
44 10 3673
51 39 3876
8 18 6395
20 28 6962
49 48 8440
9 3 7778
49 17 6897
38 18 258
13 47 7636
14 23 6014
46 34 8072
27 5 4232
36 32 3346
23 13 8932
11 2 8153
18 13 8438
36 4 1766
10 51 1385
23 11 1473
27 47 1883
40 4 3547
80 145
24 3 3605
29 37 9151
47 67 4841
65 4 6642
44 18 3631
9 39 573
71 39 3809
73 9 4156
25 12 3671
6 8 2848
8 50 1997
38 25 5021
55 47 7767
66 26 4514
12 73 6786
11 28 4775
23 62 8849
40 21 4781
12 8 9923
51 60 728
54 61 700
42 9 2755
12 58 5734
50 66 3645
74 10 7923
37 55 5460
61 44 9208
36 12 4619
18 80 5237
53 24 2137
1 3 1766
60 35 1734
22 62 7869
27 22 9474
50 21 2066
46 43 4844
64 47 5109
74 79 1216
11 45 1110
33 13 2975
53 36 9330
8 17 6432
59 55 7497
31 5 5591
73 10 4425
64 59 2231
15 1 8025
51 26 5084
42 33 1479
23 13 8925
42 66 6320
11 8 8579
71 12 2225
50 47 4936
79 58 9915
78 1 2678
3 53 2899
22 14 2132
55 79 2096
25 5 2330
5 17 1110
50 78 3356
4 76 7014
60 25 7768
1 31 2527
53 45 8404
4 6 9710
73 21 8051
43 62 2066
68 45 2889
18 22 9960
17 3 2238
43 4 4386
46 22 2611
54 10 7375
48 38 4787
58 35 5911
29 6 8161
17 12 2968
1 10 4289
46 56 8601
29 56 3685
53 39 4897
14 40 974
55 66 9954
55 28 8693
15 32 7495
3 60 8556
1 34 1220
38 74 1125
30 74 4658
3 77 7841
36 39 5325
28 63 5980
68 9 1782
77 55 1962
36 30 8673
1 55 974
67 31 6262
40 45 5682
46 27 5317
9 18 7220
65 14 5006
47 38 3102
26 15 807
71 38 539
37 18 5291
23 27 3023
31 74 1266
6 37 1823
74 26 2822
40 79 2495
49 79 1142
71 13 1870
4 52 5914
9 27 4319
19 58 8533
53 49 3670
5 60 6594
50 69 3245
26 18 1578
48 17 551
50 67 2701
58 3 2687
66 6 7753
23 73 698
2 78 1978
34 57 9237
77 25 2099
44 31 7550
47 14 4762
52 72 4084
71 69 9842
48 47 5663
43 70 9338
46 39 7825
56 75 5204
50 8 8036
45 22 1755
48 6 6078
79 66 7621
11 57 6031
74 31 6934
46 17 9821
70 64 9823
46 70
19 28 538
19 36 9839
32 7 8514
2 44 2444
11 35 6087
30 11 661
26 23 6039
30 40 4054
12 41 3201
35 5 3753
46 5 6670
39 36 4800
17 27 5738
14 23 3987
40 20 5947
19 46 4373
4 9 7270
29 31 7174
19 15 232
33 34 9863
3 43 796
13 26 84
23 34 4022
23 28 7349
27 20 1882
7 35 5055
2 34 2498
30 27 5561
5 13 3923
10 1 9998
21 36 7201
4 18 711
31 8 2706
3 11 4809
18 8 6136
5 32 8129
15 25 9619
45 29 6360
28 14 8279
39 7 4004
8 29 6057
32 17 6228
39 29 3971
10 29 6391
36 40 7326
35 13 8974
29 42 1144
28 20 4566
15 23 3233
9 35 2776
43 39 2840
32 21 2740
11 6 9318
33 22 8063
32 11 3811
15 21 7582
46 37 2112
19 8 3899
13 18 347
11 18 2806
29 27 8711
26 40 7383
28 15 6583
26 11 7628
13 9 4929
16 10 8511
5 27 2464
3 41 7358
41 44 2949
10 17 3119
100 100
58 70 1366
27 80 7826
25 35 2440
66 28 9823
39 98 6267
7 85 7878
73 56 4113
57 9 506
8 21 5510
54 64 5777
97 22 8339
19 1 8877
70 89 8278
14 23 9597
56 73 4951
86 54 8649
42 56 236
31 65 8738
99 89 1514
35 37 1469
61 12 5939
91 10 4419
64 49 1257
24 32 139
55 91 6456
63 82 2051
15 76 1425
72 46 4936
42 64 7872
92 60 4269
33 96 9269
22 67 869
32 48 3011
74 9 5720
16 85 2984
77 28 8852
84 96 5650
40 3 3474
82 57 5533
21 8 8521
63 5 1065
20 51 5993
46 30 7096
28 76 2838
39 86 8737
62 7 1455
81 35 467
2 76 9812
49 9 6601
74 73 7878
81 63 3709
98 47 5684
47 57 7138
10 13 4278
40 19 4026
61 58 3850
16 1 5267
10 29 9037
31 46 1324
78 2 2799
73 15 4340
84 79 709
74 62 7125
96 7 9768
6 88 942
89 66 8096
27 22 2648
29 24 4422
80 60 6681
47 58 7419
9 92 3369
1 43 9952
23 40 3488
92 12 14
86 68 9590
54 79 4682
5 31 4507
52 16 5080
35 56 3379
96 61 5914
44 65 4417
30 28 7434
56 22 89
99 26 541
22 40 9353
67 91 7837
46 84 4473
52 31 6194
79 19 811
42 51 3362
52 61 6055
23 17 6014
91 34 228
22 67 6676
89 78 8485
32 40 5824
80 1 8147
73 78 594
12 42 9929
67 9 3084
51 151
49 1 5318
48 43 2860
14 11 5515
18 16 5229
15 17 6297
24 39 3962
28 29 6357
35 43 1446
48 30 6819
42 17 7919
29 38 3246
35 39 7241
45 31 2612
22 7 8103
5 2 4549
39 32 7234
11 12 7370
4 43 4897
6 21 5969
15 12 4040
38 10 8853
49 14 9942
28 4 1083
49 23 234
10 4 4310
44 22 698
43 46 8876
6 21 8313
41 3 7360
36 42 3243
46 50 8012
24 8 3094
34 48 5025
17 22 1859
17 30 7867
5 7 6095
48 22 3670
34 2 7611
28 10 8338
37 34 8067
42 3 3241
50 38 8809
34 39 5716
10 44 1967
47 41 2797
7 21 879
42 1 1333
19 11 5321
1 31 3009
20 12 4440
51 43 301
39 32 6788
15 39 8247
44 10 8730
49 11 3774
20 13 1046
21 2 6768
41 20 2074
45 35 3379
9 49 9995
40 15 1727
49 38 7176
15 19 3704
1 42 2731
26 39 4480
42 47 7595
17 20 7047
51 3 5090
37 23 9028
37 29 2422
18 31 5829
32 27 2839
12 3 2551
39 29 3912
14 39 3875
18 11 3493
46 30 5982
10 45 9275
9 35 1253
28 34 119
23 43 7827
23 4 2693
11 44 4236
26 17 7920
4 44 4459
41 20 515
15 28 4099
33 36 7891
18 40 4185
46 27 6598
45 26 6839
26 23 9424
46 27 8424
18 24 9259
10 14 1218
24 15 4317
15 22 8185
9 24 1355
30 28 3501
51 6 1256
11 49 5556
35 47 2711
16 23 207
16 30 4092
19 44 8977
25 34 2174
45 42 4975
24 9 7499
5 17 9635
50 33 6179
17 34 9958
29 50 5697
28 11 8693
26 42 9113
51 47 2227
34 50 2951
30 22 6254
22 48 9498
10 12 7766
43 36 7827
8 13 4523
37 10 694
23 4 4496
51 22 9028
27 14 9857
38 29 2371
46 47 535
50 5 2320
48 42 5558
1 32 3865
26 48 4691
22 20 1494
11 17 6555
51 34 7780
29 18 1064
26 9 1882
25 4 6900
13 26 6144
36 19 847
25 20 3567
41 7 3807
13 39 1884
17 10 5999
16 27 2480
5 2 7679
25 40 5993
34 31 6811
18 30 5939
40 6 1276
29 2 4622
10 20 1592
1 0
61 188
47 40 6103
39 24 9348
1 17 1504
38 52 7177
59 56 7294
3 43 640
32 3 6198
35 60 9608
59 20 1473
26 7 8212
52 20 2545
51 32 2727
37 19 8943
38 59 3422
1 45 8881
35 30 5950
42 46 8991
49 48 4136
56 45 8635
59 16 8204
11 33 9288
23 35 5881
25 8 5625
60 32 5062
24 29 4624
10 18 9014
57 4 777
49 21 8649
39 43 1023
3 39 3800
40 15 3673
60 33 9777
37 2 804
40 27 7122
7 2 6539
41 34 2926
44 12 2905
32 51 5679
45 36 4405
14 35 6155
48 29 1732
30 34 3270
14 2 406
31 3 2665
52 46 8666
16 61 3827
29 38 52
43 34 5317
6 35 6177
25 43 4523
58 26 4250
30 35 9494
13 48 8295
19 52 9898
48 10 9559
33 32 486
41 11 1327
3 39 6207
37 23 8597
41 40 1054
23 7 8723
31 4 6233
21 56 7478
24 15 874
6 23 8356
20 27 7853
9 1 2463
3 27 3403
38 23 1498
47 58 1567
18 51 7895
8 47 3453
28 50 957
57 19 5767
18 4 5865
60 29 8715
1 34 465
13 33 6836
41 45 1130
4 46 6929
40 10 6375
57 43 606
20 52 4643
23 19 5473
32 53 7866
60 35 8075
26 10 30
3 30 8732
24 36 9343
30 16 4028
3 39 7398
27 35 9780
51 14 3333
7 20 2087
15 60 7224
5 21 7599
4 11 9293
29 45 2559
44 23 2176
61 59 9663
14 23 4078
45 6 917
18 37 8817
9 5 393
19 53 4529
23 42 4564
56 21 9810
52 55 6049
29 19 7973
32 55 1626
53 39 9664
2 27 5298
15 38 605
11 16 864
14 8 2790
16 22 7841
40 16 3178
21 59 9123
32 26 5763
55 32 1424
19 18 5483
43 5 7866
59 39 7000
1 29 4500
40 51 4452
32 55 1905
51 2 4656
52 49 4507
5 15 6641
30 6 5873
36 26 3982
15 31 6539
6 31 1653
30 61 8594
10 32 7314
14 44 5888
11 8 5949
15 39 7511
53 45 6953
26 28 4130
54 9 948
32 35 4700
49 7 9178
7 33 5709
1 2 310
7 13 9072
56 31 3873
24 21 1418
15 19 3606
15 18 9634
54 58 1464
11 57 6795
26 4 7161
48 56 9646
25 56 9089
47 1 3904
56 30 4166
2 8 4771
61 36 2580
9 25 4042
57 24 3315
56 55 1510
48 51 8836
32 46 2615
60 30 493
48 14 2254
37 59 1028
38 44 3636
39 44 3674
46 61 5144
38 7 2182
13 60 3901
57 13 5704
49 47 4072
8 57 6861
48 59 2336
10 18 3438
27 26 1104
57 3 5001
4 26 353
45 30 1510
8 3 5591
42 8 5479
23 48 1588
32 18 2545
12 13 4274
13 54 8736
28 56 8139
72 88
47 39 5174
17 9 2782
1 36 3536
4 66 7609
43 12 7993
47 17 6611
42 9 8436
20 2 690
69 66 910
7 58 1726
19 31 3120
14 37 2691
56 7 3945
61 57 9995
52 3 3492
40 31 6065
60 38 5813
38 22 3424
20 51 8971
22 30 1180
42 22 3797
59 6 6468
51 39 5982
46 60 2777
68 58 2744
47 18 2033
23 52 7540
42 57 3064
40 54 6710
47 46 5493
33 41 1375
29 30 972
36 61 2683
24 47 4779
54 22 875
19 34 9687
23 64 3612
21 46 9229
63 42 7866
60 58 5901
70 58 5130
50 11 759
2 48 6841
68 58 1943
67 11 1433
38 9 8765
54 39 8770
1 62 5094
41 65 7864
17 43 2649
44 61 8156
34 35 2179
52 7 5718
19 39 6494
37 42 8380
19 35 7588
14 9 9640
62 61 6095
22 8 1006
25 17 545
44 7 8540
56 71 9429
68 38 7461
30 29 120
30 21 5011
47 17 5781
55 53 9890
36 71 7792
40 18 5646
59 41 901
36 19 5182
42 13 6196
30 28 1910
20 9 842
45 56 6693
28 11 9826
3 37 5806
47 27 1550
13 49 4093
7 17 5944
14 32 3773
42 19 2512
47 58 7954
47 39 7832
56 43 8762
37 58 66
10 24 1623
69 71 211
39 93
8 7 9108
38 37 8610
30 5 561
26 31 6578
32 16 4217
4 33 4132
32 20 9362
22 29 7117
21 9 6885
24 35 5158
36 8 7319
35 28 2309
24 23 9484
22 31 4141
33 30 8980
37 33 7615
23 19 7670
10 20 1204
29 21 1244
38 14 7086
33 23 3263
13 10 8376
38 24 5131
25 21 1565
34 17 3705
39 29 7559
39 33 4676
13 7 3801
6 16 3314
26 29 1001
14 8 1503
5 13 3493
39 8 4794
30 28 9655
19 2 3343
31 24 4122
16 28 7607
1 22 6701
20 26 655
9 36 7155
6 20 5928
5 25 6725
21 35 3024
39 8 4972
15 37 8408
30 8 6291
17 18 3669
18 34 1461
32 38 3862
31 15 1184
1 37 8635
37 27 4624
24 15 7421
33 31 5209
1 32 3540
12 28 2752
16 6 3311
27 12 7021
20 17 94
22 28 9366
21 16 8302
18 10 8639
14 34 5865
27 11 351
8 11 6640
6 29 6424
32 12 2936
1 3 717
10 21 2740
35 11 1842
18 13 3253
14 36 4574
13 22 5658
9 15 2921
17 38 9297
12 4 4415
5 30 65
3 26 4956
35 12 7245
8 30 8302
18 2 4096
15 12 4192
27 23 2894
28 33 555
11 35 6060
28 4 6534
6 5 7321
7 27 8848
23 18 6505
13 20 8982
13 4 7829
34 2 7624
6 37 2167
42 21
19 7 3676
23 22 7500
41 35 7784
9 7 414
28 18 9083
13 8 3162
9 22 4152
4 19 6047
10 30 5690
15 22 3672
13 8 3013
7 27 6816
27 33 275
25 35 2840
3 22 211
18 35 5866
13 14 6463
32 34 7589
28 14 3884
2 29 1390
23 2 3222
73 109
30 68 2467
31 28 9850
69 4 2323
51 30 2954
44 11 2650
25 35 7317
60 67 291
27 14 4359
11 10 3818
52 22 3532
22 35 6997
53 11 2132
38 67 8410
31 71 7147
40 58 4301
15 14 5512
54 56 1770
41 54 1281
69 49 5264
71 57 2703
28 71 5002
11 34 2746
4 67 9478
10 48 5046
7 38 9403
63 57 7495
57 30 2403
8 5 3723
73 50 9901
18 48 4676
56 36 4225
66 64 663
48 5 5685
68 35 3682
38 32 7862
31 44 8514
38 50 5529
71 51 3768
8 63 6263
15 31 2468
71 2 4742
45 12 3100
30 1 893
72 70 5895
48 44 3931
37 6 1696
69 66 1443
33 63 9168
63 59 4357
8 13 221
34 36 5802
51 6 1053
1 63 3973
61 66 5367
48 52 287
13 11 7525
68 12 19
68 29 7720
6 15 2297
11 72 6407
21 20 1890
65 25 1985
5 39 9036
17 26 579
40 8 5281
5 14 8982
50 40 2200
37 1 2978
22 40 1527
51 23 4620
51 36 6627
57 56 9107
28 27 6394
13 41 9763
15 16 6438
16 71 7786
41 14 4237
42 43 1212
58 66 3871
36 30 2933
46 68 1670
68 45 8470
35 9 3858
34 68 2433
5 44 2122
73 49 5281
12 8 708
9 62 479
24 26 8941
8 17 485
56 72 3367
27 37 445
37 25 1352
42 37 6454
52 3 6483
39 35 763
13 42 4565
55 62 4957
17 33 263
61 33 1031
58 40 7720
14 27 8292
19 18 4025
73 21 8083
16 50 3346
53 28 5210
4 22 9647
56 58 6820
51 21 4506
40 17
25 39 769
35 3 661
5 1 9975
24 11 7425
36 30 2470
40 31 1573
7 33 78
6 28 3031
38 36 8792
32 33 324
2 16 1409
1 13 3668
35 40 8811
29 37 8721
19 5 3951
16 1 5846
18 32 4324
73 120
33 19 8339
12 17 6933
34 1 2221
47 50 2537
39 11 8453
19 39 948
65 50 2682
2 30 9276
13 68 2053
71 28 5291
23 46 7870
11 38 6250
52 34 6444
51 71 4439
69 43 577
48 73 500
4 8 3142
22 13 694
52 6 5324
71 20 2488
36 26 671
8 20 8043
50 23 1686
40 57 3160
65 54 109
31 37 5349
70 39 5241
61 46 2182
72 39 6324
70 19 2191
17 31 3519
45 72 8060
32 16 6285
50 38 9079
44 51 1598
60 52 7687
16 4 5562
70 59 2523
45 55 7410
10 61 5829
45 54 5860
46 1 5959
37 41 1553
63 7 8477
15 42 7657
13 56 9356
57 28 9065
5 67 946
70 68 4037
70 43 7474
47 71 7433
20 55 8269
13 18 9974
66 10 9075
28 60 5669
71 65 4706
15 50 7506
46 25 1615
37 43 6519
3 39 3249
15 6 7217
52 53 4243
66 13 559
65 64 5139
59 9 3515
22 33 4700
47 11 9913
39 73 6496
56 1 3378
17 63 5066
11 27 1136
67 23 1671
25 35 432
32 14 2143
7 8 220
47 8 8572
3 66 6151
36 1 4103
59 57 704
30 3 5704
69 4 9105
71 34 5843
40 52 8246
14 30 3272
67 49 1052
54 19 4770
42 3 5557
48 29 8126
7 39 8
56 67 3058
68 34 3170
28 43 8918
9 15 5279
18 66 69
59 68 3328
1 4 9853
33 56 5198
36 47 6785
33 46 5389
22 70 2150
70 44 3491
44 28 5337
42 22 9181
60 69 7587
59 65 4630
71 62 7513
34 19 7395
21 1 6999
26 69 6186
14 6 7249
22 33 2689
43 61 8407
53 38 1072
19 20 9703
46 45 9855
63 10 5083
20 68 9183
15 18 2942
23 59 9607
72 29 2611
31 10
9 24 6521
21 8 7742
16 14 4152
9 23 9446
1 18 7569
25 9 2256
11 18 9486
23 8 4924
11 6 5198
14 1 5766
92 141
28 88 4318
9 44 4724
72 13 6994
5 65 7704
79 51 5982
70 54 8184
89 24 5175
21 1 8073
22 23 2306
71 11 5207
72 48 8075
89 17 2004
10 61 5655
84 50 3775
83 52 2267
40 32 6336
17 86 7110
48 47 3383
51 42 5957
79 26 7186
27 57 392
69 90 8043
9 89 4900
49 58 1503
62 19 4640
7 38 4627
52 84 3095
40 12 1302
38 70 1591
39 47 6899
11 55 6872
78 47 9352
86 89 8068
19 18 8515
49 41 2189
50 77 3706
66 47 9920
21 6 6053
26 35 1668
57 47 7272
35 62 4653
30 20 8799
26 41 2512
73 15 1068
28 38 4751
52 77 2720
91 51 7560
40 56 6892
9 78 7474
21 28 2265
72 51 3673
69 82 6491
12 18 1355
21 45 6314
28 12 2643
44 75 6188
7 71 1454
53 74 3579
44 19 2704
58 60 1081
33 92 3950
81 40 5357
73 12 2519
36 38 6143
9 80 7002
86 88 6342
84 16 252
58 21 255
42 47 2612
82 41 1611
40 44 6306
9 60 145
14 40 6040
2 45 9607
53 17 9351
53 1 9577
22 92 6854
30 53 876
71 83 3672
31 56 6471
9 30 2635
37 76 336
29 87 9262
78 92 9632
80 33 1542
58 5 2985
5 75 2744
32 10 2162
84 35 3149
81 29 5683
58 50 7
86 3 6993
72 17 8719
40 22 6566
61 25 427
32 83 7757
48 89 3156
86 61 2694
68 36 1825
26 89 6043
33 6 6632
76 34 5983
30 70 2578
39 83 1003
1 28 7140
62 90 4573
47 46 6875
66 22 753
55 86 837
74 51 3147
77 19 9742
40 87 6121
76 29 4374
65 21 8356
33 56 9055
42 62 404
89 76 7640
56 45 5462
20 7 4517
85 76 2563
74 45 5468
55 89 1275
53 77 2185
32 45 1250
54 57 105
34 23 7793
66 56 8641
10 1 9022
59 85 8301
15 34 8819
50 54 3051
34 9 9303
50 33 6026
3 37 250
36 31 8287
80 39 4061
19 14 2993
72 1 1595
51 77 6993
29 76 6865
61 91 7616
34 75
31 33 108
11 33 1310
29 16 2655
13 19 9187
19 8 6571
16 18 990
7 30 7386
18 7 5956
22 33 5566
27 22 1228
20 24 7543
28 30 6295
26 31 3515
20 19 450
11 26 2326
8 4 4708
21 15 140
29 1 6760
4 10 8181
6 15 2816
33 29 148
2 3 9007
20 22 3838
30 27 4987
22 29 4684
6 17 7085
15 10 2303
5 32 1755
12 30 9316
20 8 2272
1 32 4785
11 21 7971
27 18 4291
13 32 366
14 21 6645
24 9 387
1 24 5811
5 17 1166
11 17 5467
1 12 2972
25 32 6537
16 7 4970
33 30 3819
26 15 2539
8 6 6028
18 13 567
12 19 2897
5 4 3455
15 28 6974
20 1 7270
31 15 5042
29 13 4652
14 26 8629
4 11 49
6 27 2445
33 25 4036
23 7 3099
19 4 9902
25 27 3231
1 4 7724
23 33 8778
7 22 723
13 20 2855
14 27 5784
20 12 1206
33 1 7693
5 16 122
14 21 4182
2 8 5751
17 33 5951
1 28 810
23 12 3860
20 27 9688
6 20 5100
23 27 4928
28 22
14 8 9397
27 24 9326
17 24 658
22 1 5886
6 15 9166
13 15 1711
22 23 9771
10 21 187
2 25 5580
10 15 7749
2 15 2414
23 12 5935
23 3 1902
22 12 6791
12 19 2360
20 2 8755
21 3 902
26 3 7609
14 12 113
18 8 2656
14 11 5241
20 25 8965
74 89
27 42 6761
33 42 4758
56 36 5823
68 71 8910
45 41 1038
66 72 5306
67 33 4927
28 49 1306
60 23 3805
60 8 1744
55 48 6350
55 69 6636
50 53 2226
58 60 6365
46 48 9812
37 27 9953
42 71 9731
15 39 5572
59 9 5107
4 37 211
55 57 1413
46 5 5411
38 8 3049
7 66 6814
20 14 4992
47 73 7232
55 27 5210
66 5 1924
41 63 5098
64 13 4335
14 72 1646
29 36 3925
37 22 7908
16 33 8641
41 64 3527
6 34 9944
59 14 423
37 21 2398
71 42 6913
8 55 8558
12 60 3704
52 20 8631
37 4 86
40 24 2369
33 29 6966
32 14 1245
39 30 6444
1 64 5078
15 14 6882
36 3 7734
20 30 6749
48 13 370
60 19 6273
60 62 1620
2 15 2072
18 16 1013
25 63 1427
40 67 1802
19 72 4942
48 70 9882
45 30 9136
65 7 8990
4 41 8359
42 61 217
64 44 751
66 47 3688
26 66 5721
57 22 9947
38 59 6734
50 22 4330
64 33 2750
45 46 8997
65 27 3532
65 52 2557
36 31 4733
53 21 5825
39 38 1701
70 43 6741
45 54 2353
13 21 10000
13 52 4035
62 53 6888
49 9 7977
73 29 7157
48 27 8380
52 20 1649
65 68 1279
19 53 6975
32 50 1614
29 89
10 23 7617
21 19 5681
5 8 6632
4 10 937
10 13 1211
26 14 8431
2 25 9826
15 17 796
17 11 8336
18 4 4647
4 26 5049
10 14 2929
19 21 6960
27 13 7504
27 13 4704
25 18 4070
9 25 8398
7 20 4411
10 28 6847
10 29 5659
21 18 7325
1 29 9817
7 19 6815
8 9 3984
29 27 4016
22 25 7562
1 25 825
19 9 4342
16 3 319
10 20 3211
2 5 282
20 10 2111
14 13 312
3 19 1816
15 13 8508
7 13 5457
6 13 417
10 6 5310
4 9 2203
27 8 3699
24 4 7369
14 27 7261
16 7 1844
3 12 9583
24 8 1339
18 27 3920
15 11 113
21 19 9833
27 5 4567
26 7 9671
18 25 257
1 12 5752
28 23 3206
3 13 178
21 14 2882
10 2 1410
27 29 6045
19 10 9973
27 22 3498
1 15 7804
23 19 7218
8 16 9740
19 8 1876
9 8 1533
14 19 6798
15 19 4052
27 8 5109
7 20 7889
2 27 1399
1 6 6140
5 16 4031
6 13 9653
15 20 4980
21 25 1759
23 18 6860
5 14 7141
25 24 6489
8 7 2252
23 26 1838
4 23 8694
27 18 8397
3 8 3929
20 13 6952
9 2 1950
24 12 765
1 19 8884
14 17 6889
19 3 5858
24 27 5778
37 13
8 9 9553
12 30 5708
4 33 7449
16 5 18
17 3 688
1 32 2943
3 20 6276
36 35 658
32 10 3382
7 31 102
8 21 5378
13 1 7643
5 9 1392
14 84
6 11 1207
3 12 8811
7 12 9169
4 7 4191
2 3 667
1 3 7547
9 13 4347
12 7 3557
3 14 4781
2 6 2635
11 2 3574
14 8 3227
12 4 1065
14 7 7492
12 10 7586
7 6 3120
3 4 6670
2 1 7613
1 13 6075
11 13 577
1 6 1864
5 13 7077
14 1 3866
2 12 5433
5 10 8117
13 7 6446
13 8 1673
4 8 8493
3 10 781
1 2 2653
1 12 7182
12 3 5568
14 11 1091
1 4 9279
5 1 4772
2 13 2136
9 12 6687
10 13 6881
13 14 5154
12 14 5975
12 14 883
1 7 8585
3 4 8734
10 4 2874
3 7 8746
8 2 916
12 8 2336
10 5 4654
1 13 3650
4 3 2327
2 11 3835
4 3 2695
10 7 446
9 10 9120
6 10 311
10 11 7547
11 12 1793
1 5 6332
2 11 8796
5 7 8544
5 4 9925
6 8 8808
5 13 1476
11 3 4586
1 10 971
1 2 8745
14 6 9514
7 4 1716
8 7 3425
5 10 7358
1 7 3244
7 13 681
13 8 7753
3 12 5482
8 4 7908
9 13 1678
7 9 4101
3 13 4484
1 5 399
4 7 6020
3 10 5917
9 11 8066
14 9 2737
5 9 3788
20 174
15 19 8389
10 19 2124
16 9 6917
11 17 794
11 10 4445
12 14 8834
17 18 8146
9 13 7516
15 4 6291
10 1 6768
10 20 5951
14 2 2419
17 19 9946
9 3 4730
18 13 5315
9 6 391
12 19 777
17 7 5485
16 5 6476
20 12 817
4 13 4550
1 15 2726
3 19 7831
5 9 5468
3 20 8722
8 6 5090
6 12 9454
20 5 4411
6 2 639
8 13 6989
16 11 3446
19 14 9481
10 1 1479
14 4 4707
6 11 5977
15 9 1411
18 12 6920
14 10 9327
12 19 3640
16 15 3944
14 15 8139
15 4 405
1 16 19
5 8 4347
17 4 2973
18 8 5393
20 18 3782
12 14 3239
18 20 7744
8 3 4302
17 18 261
14 13 8786
19 5 890
16 20 9594
7 11 1686
13 14 92
10 17 9651
12 18 7491
17 11 3944
15 12 2706
11 1 8750
13 3 7308
18 17 6866
15 3 3456
5 17 6760
19 8 2252
7 3 7718
2 11 7205
6 5 1357
1 17 3251
13 4 1998
6 4 5930
4 10 109
11 3 5168
4 16 5469
7 13 8167
16 12 3305
18 9 5441
19 15 2897
16 6 2360
15 3 8804
20 14 2966
5 1 2309
1 14 8982
3 14 6947
11 17 4487
12 14 1948
10 14 3009
17 4 259
19 15 3716
7 1 9276
16 18 4617
1 13 7223
16 3 5228
17 4 4029
3 11 8084
4 2 7363
9 6 5122
8 4 9430
17 20 9251
18 10 8644
5 15 4695
12 13 3413
8 14 9221
18 4 1195
13 7 1516
7 6 3337
6 12 483
14 15 9753
17 3 5061
6 2 9185
2 4 293
1 13 4593
10 8 7285
14 11 6209
6 1 4488
16 19 1100
8 9 7326
20 18 9983
13 20 9986
15 16 1620
5 11 3026
6 16 3437
20 17 5034
17 8 7798
18 10 4420
8 12 9742
15 12 7131
10 16 6211
18 11 25
18 4 9388
5 18 8469
8 18 9265
11 4 9899
19 18 6224
1 10 3938
13 3 5929
18 11 1517
19 20 815
15 9 2284
3 11 6876
1 5 5527
9 1 9976
17 5 8818
3 6 3227
18 1 5892
17 16 4841
2 7 6625
3 17 6554
10 12 1148
5 7 8102
8 19 3805
2 15 3929
9 19 7649
7 4 8550
18 15 8675
4 8 4505
13 10 3216
7 12 7459
20 17 9934
6 4 5489
12 19 7704
9 17 4678
6 14 8734
3 13 2133
19 13 9621
15 7 4888
3 18 2267
7 1 9674
6 10 7490
13 6 4590
20 5 2150
19 11 1939
7 9 6125
71 56
70 57 8765
17 45 7677
50 4 292
25 16 8806
16 37 3276
51 69 1808
26 48 1895
20 30 6185
43 41 248
11 21 1594
30 27 4598
48 1 819
61 4 7212
15 45 4890
45 47 9927
5 10 9328
55 66 8186
4 62 8218
18 61 8182
29 71 9671
9 59 3032
59 55 2791
3 64 549
60 43 265
60 10 4825
60 70 5312
5 3 9761
43 4 5434
61 50 2129
63 60 3601
14 43 1170
32 66 5400
68 42 2284
53 68 8731
20 1 4369
60 1 3307
19 67 5680
59 9 2373
32 6 7362
66 38 4168
16 47 6995
70 46 4171
52 45 9397
18 17 109
70 21 5725
9 53 31
20 53 3465
11 42 9018
50 14 4656
63 10 8034
41 11 3789
23 29 7434
25 64 2230
43 42 7195
17 69 988
35 69 9960
34 96
12 21 7001
3 25 7088
7 12 1063
2 21 2935
15 6 9117
18 5 6427
29 11 621
25 15 8366
21 34 3876
31 19 28
16 20 7682
1 24 4767
34 29 6340
17 1 3042
14 6 3817
32 21 5177
1 21 7691
25 29 1985
34 16 8227
27 30 4660
12 14 2639
27 3 3288
2 33 1862
13 6 5069
34 29 7754
16 26 8203
7 14 8012
33 32 1012
4 34 1531
33 23 5043
7 9 6688
3 32 418
24 14 8674
27 31 370
29 6 5896
4 16 2122
18 2 1674
4 16 8440
21 33 9228
26 2 636
26 33 2320
15 17 9803
25 4 8666
7 32 1175
2 34 4170
9 13 6880
22 32 7217
16 27 164
26 15 7289
26 20 8364
15 21 3972
20 13 1232
15 20 6630
28 20 9676
25 4 674
8 28 3511
20 19 4625
32 30 7270
4 3 1595
9 29 9781
34 27 4175
33 14 2602
30 18 2139
19 24 7516
7 19 1070
15 34 6957
10 6 3565
31 4 3993
5 22 4034
20 8 5557
7 34 4207
18 24 1760
14 23 786
6 2 5136
5 18 3914
29 25 817
28 4 8202
17 32 496
28 2 1771
34 11 1628
12 24 8158
1 25 8255
23 24 5679
14 24 976
6 22 5517
26 4 5853
15 32 7747
15 3 6252
11 33 5824
13 8 2230
25 27 3234
18 23 4773
1 4 9988
19 1 2788
1 16 5753
9 27 1147
38 56
27 2 7572
27 20 9033
8 13 9603
31 29 1997
14 11 827
35 23 7459
22 36 5616
20 36 6664
26 22 6811
24 22 308
29 17 918
31 29 8726
28 38 9020
38 29 9361
22 25 4762
13 4 9085
25 3 9098
31 38 7746
30 1 3101
2 34 560
2 11 142
1 23 4267
16 32 9559
29 28 7976
35 7 2734
23 29 303
9 4 9941
22 12 8768
25 26 8880
30 2 9340
33 27 2847
14 17 1282
9 3 404
38 11 7399
17 11 1070
14 13 543
10 23 4711
37 1 2536
1 22 2107
9 5 3978
30 16 2583
34 37 8437
19 28 406
2 5 1245
20 6 9393
16 33 511
20 2 7589
18 33 3977
35 24 6275
31 16 6731
3 27 5591
21 9 4081
6 27 7103
36 14 5544
27 17 8676
26 2 5843
48 38
3 41 7835
18 23 8383
40 32 9257
15 23 9928
1 14 150
1 46 1856
21 8 2457
29 1 5644
47 1 4153
7 1 2813
6 5 6507
31 44 7108
22 14 9135
28 43 6746
20 13 7677
15 33 3451
45 10 6078
26 43 3873
14 30 2310
36 21 1708
48 16 6418
12 39 7772
47 1 2491
23 20 2366
12 25 5514
15 4 9283
18 16 5330
38 40 8587
32 43 4489
11 19 8803
9 33 2164
28 21 214
38 13 5169
1 25 1740
42 15 6885
40 43 738
9 24 7693
15 24 5902
87 122
31 15 4905
33 85 5985
17 37 4490
14 8 894
30 46 1405
84 85 6997
7 73 5568
56 29 8464
72 69 6427
61 68 3369
40 68 5742
4 58 3247
42 59 3253
67 7 7825
65 59 2761
31 1 3747
18 21 5422
33 19 3460
65 33 5762
5 59 8111
74 10 5118
68 44 8099
13 74 5667
5 35 2074
28 46 3421
7 28 3740
24 4 2723
58 75 2818
87 44 3915
4 48 6773
1 34 7518
61 47 2686
65 54 593
28 43 1778
59 50 9905
58 50 2590
28 7 2297
47 77 3906
72 82 807
18 19 3697
22 71 3974
83 8 2297
4 26 901
47 69 4369
12 73 6468
32 60 931
26 46 2478
78 37 4806
59 55 432
13 38 2574
16 47 2108
69 15 9854
37 72 6074
57 18 7158
11 66 7152
79 71 1434
54 38 5381
20 3 6764
82 38 8033
53 46 9838
69 66 2650
72 35 5924
63 28 6632
5 36 5275
3 30 5873
34 61 3647
86 39 4273
69 78 1655
84 54 812
49 79 1539
61 41 552
82 80 5877
5 60 1793
39 7 3542
15 11 6222
80 33 2181
29 35 1025
85 39 5938
66 67 2161
50 86 2625
68 83 449
27 2 258
5 69 615
54 62 5069
42 30 5457
9 55 5088
26 1 1001
3 4 1367
20 59 4158
22 73 9075
21 17 5163
12 25 114
86 12 8664
85 20 8972
66 51 2553
16 36 5042
50 48 7510
47 33 272
68 13 1521
50 77 4696
54 65 2897
24 1 3579
30 84 5664
19 60 9247
1 55 2323
5 66 3544
34 50 73
22 10 4495
77 47 8292
62 26 6235
1 65 4888
6 82 3969
61 41 5683
13 84 7667
10 51 7743
87 56 4563
75 76 8753
12 11 2311
16 42 6658
11 77 3530
87 44 8534
83 78 9367
90 128
41 37 7422
13 51 3310
62 84 2890
10 13 5811
89 83 5032
90 87 5296
51 90 674
50 20 8165
29 20 197
4 59 2992
28 30 9950
41 46 3172
89 12 4330
78 39 2445
58 69 9759
64 25 2170
35 33 8411
39 37 2412
85 63 1489
38 66 9793
40 69 2677
1 67 7277
47 78 1686
54 59 5534
58 30 1612
67 66 9854
11 50 9095
64 61 9789
67 1 8321
37 29 1207
11 59 8083
43 73 31
1 74 8221
30 62 6652
64 20 7384
27 64 7727
66 61 299
31 74 4069
36 52 4704
62 34 6332
51 24 924
45 50 6844
38 53 6128
49 61 7955
52 24 5626
42 61 5099
78 26 6714
13 22 7785
71 83 8996
6 82 7341
79 31 9066
79 68 219
42 20 9134
58 64 2913
89 83 364
78 38 5
50 3 6226
72 16 3393
26 15 5289
6 40 1169
75 7 6251
15 54 5701
35 85 2729
48 72 5230
18 76 7773
29 72 7504
38 56 4560
64 16 3224
59 64 8475
23 81 623
3 63 3474
86 11 2421
9 15 1874
55 52 8226
52 51 6875
27 43 4044
35 31 5787
31 37 6633
83 41 4270
63 44 235
78 90 3954
62 11 5256
77 4 6580
7 47 5687
55 54 27
14 55 4041
36 61 2572
3 13 3736
1 59 3413
87 88 1168
41 78 3143
33 43 4155
15 36 5676
6 62 3032
79 70 6467
48 18 4524
57 59 9354
14 10 9215
87 75 9419
27 35 2519
68 71 7686
15 1 7114
55 34 2120
14 16 6873
39 14 6961
63 49 2987
90 68 5195
63 51 2653
52 11 9383
35 89 5398
86 6 1462
46 52 8512
24 79 9541
30 52 178
15 27 3296
34 48 5372
50 15 3400
70 34 4276
54 72 7061
13 82 1126
18 3 7564
13 32 6407
59 17 2303
28 47 9120
7 50 5910
76 90 8143
27 67 6108
13 89 6127
24 88
4 17 199
19 10 945
18 1 581
22 8 527
15 16 2221
12 18 8697
4 10 9047
17 12 7164
13 11 6447
9 19 754
4 19 2130
24 12 4529
24 15 5738
6 7 690
24 18 5321
16 6 4656
13 3 9546
15 8 8904
4 18 7210
17 14 7698
21 8 5635
3 8 9575
22 1 1191
10 20 3228
3 8 4527
14 12 4665
7 5 1529
21 5 5867
6 2 2523
23 6 4001
18 3 2499
12 10 7917
20 17 7781
6 7 2392
7 22 9248
21 15 5524
10 3 4111
1 19 2790
2 14 7093
7 18 1322
13 20 5042
7 23 3668
21 19 5817
5 9 7437
7 16 5958
19 9 514
20 18 3959
19 10 555
24 14 7318
16 7 6286
17 4 8679
19 24 1739
1 17 6243
19 2 2300
20 6 6536
22 5 8246
10 13 9901
18 19 2412
5 9 8571
13 4 9398
10 7 3300
22 15 6851
16 24 2630
20 22 7641
13 15 3570
3 8 2933
2 7 2574
5 6 4400
12 7 3862
23 13 3677
20 8 5167
5 18 7117
11 15 6681
15 5 5197
16 19 2892
21 23 2294
14 2 8406
10 14 226
24 11 4750
16 24 258
18 12 8364
12 4 7402
6 8 4432
14 13 5525
4 3 2618
24 6 9663
23 10 7962
10 3 2895
50 149
7 33 7833
14 20 17
2 9 6998
21 32 3045
5 3 8057
26 5 3589
41 47 8248
26 7 9720
27 4 679
33 37 7123
6 41 5672
29 21 7122
36 11 6801
20 26 2884
40 14 994
9 12 9750
1 17 8235
17 19 7404
27 15 8770
39 43 8880
30 50 9482
10 7 8549
33 35 9682
11 44 7567
26 6 840
49 6 1364
3 2 7571
26 10 5033
28 43 7596
7 24 6315
25 10 5014
44 41 7280
34 10 356
15 2 9628
26 23 6288
19 3 7
26 3 5690
50 9 2449
36 43 8089
23 44 9464
17 36 848
21 4 1638
33 24 3840
15 19 5572
49 29 5061
36 15 3615
14 12 266
21 1 9791
42 39 3232
13 47 4075
19 26 7049
41 17 1217
39 7 3770
6 12 7928
38 4 300
25 9 5839
44 27 492
34 35 2908
30 50 2592
24 39 6023
5 38 7029
8 30 7023
44 50 3636
25 26 3150
39 15 5497
44 49 6225
26 7 9031
36 29 4791
48 13 3980
30 12 6666
40 17 6516
21 5 8708
42 8 4790
50 27 7484
47 10 6780
30 6 5326
41 36 3423
39 20 6702
6 39 8777
9 44 6512
44 20 9992
2 23 7721
17 37 7024
41 39 5374
14 41 9033
27 13 4073
26 25 4288
1 41 2033
20 4 6988
46 30 9931
26 47 6902
7 47 7312
26 18 896
49 33 3483
47 15 6042
44 43 2070
34 40 3455
31 15 5191
39 27 5769
44 41 2002
43 19 6063
17 14 2645
49 23 343
44 29 4110
45 28 6140
1 8 985
46 32 6195
12 11 6869
16 38 1982
31 40 2323
36 1 2229
7 22 7651
36 34 4884
8 47 1243
13 25 1670
46 18 7183
44 38 3068
23 45 4146
47 18 4555
39 47 3237
7 18 102
48 38 9540
19 38 4487
28 42 5022
11 25 8678
17 18 2815
4 37 9948
34 4 6410
24 32 2336
9 5 2302
34 50 9761
9 35 6508
36 10 1025
31 15 1249
48 2 3851
25 44 6853
34 37 6733
14 44 6443
15 22 6374
7 11 2047
4 14 5264
33 4 450
1 20 2841
11 6 2722
49 46 1426
25 28 822
31 16 9143
1 26 7967
29 16 6609
83 40
43 74 4278
60 78 9327
33 79 8441
41 66 6300
16 79 4690
36 21 5211
5 68 5553
8 49 3822
20 2 940
53 13 9510
79 30 4823
63 26 9236
74 46 2107
19 63 5558
10 47 6439
41 62 1305
16 64 7666
21 33 7359
77 8 9620
69 66 3835
44 76 9789
82 1 4052
51 6 2817
16 68 4909
42 68 2094
73 25 203
22 32 891
59 46 1066
27 47 3969
5 53 2457
27 28 3304
21 11 6984
59 29 9500
28 65 2875
33 36 4079
60 37 8699
33 57 2660
82 61 7313
26 23 9280
73 77 6250
71 169
38 25 910
19 3 2453
29 20 7124
47 35 3700
38 29 4090
58 18 4191
63 58 7855
62 60 5793
7 17 7059
49 36 5195
62 17 2897
22 59 2417
70 47 9586
58 56 902
12 47 6109
18 47 6663
29 28 8471
41 9 3564
57 31 2880
39 59 4029
36 13 2731
36 60 7503
61 68 9241
8 14 4117
63 10 683
41 34 5330
29 23 3920
46 37 2653
14 51 9872
69 20 7812
1 14 7411
44 65 4466
64 10 3524
54 59 8261
65 24 901
59 42 4674
2 38 5517
38 1 6172
24 70 366
61 10 9375
60 58 8434
5 1 8463
68 56 3635
68 52 7647
66 58 1876
40 56 1376
47 21 6296
67 36 9916
64 35 2907
69 7 5288
57 61 990
41 29 6079
24 39 6305
64 54 4169
8 25 202
65 3 2636
6 58 8390
48 17 4308
5 7 9299
54 24 237
8 18 1231
58 30 6549
49 1 5677
14 21 6686
45 44 2205
44 40 395
34 35 7427
44 66 1445
51 60 363
66 15 8039
2 54 8436
32 23 9759
56 47 1633
66 53 928
21 7 8466
59 61 7637
54 57 1416
11 44 5166
16 71 4691
2 44 6023
70 40 4642
42 25 8654
13 33 688
69 3 6490
55 69 4594
47 53 4000
57 51 9669
66 69 8450
44 59 1791
17 48 4906
53 11 2980
31 15 4077
25 34 6308
24 58 3193
48 53 4329
59 39 9834
7 27 8691
10 48 7760
9 34 9820
68 57 9368
71 8 8449
15 54 6175
52 70 8997
20 43 789
44 33 76
44 35 9289
59 10 876
52 59 528
57 39 419
67 3 3268
50 24 5428
54 51 787
65 36 7706
55 12 735
28 49 8856
3 30 2258
70 65 9899
67 8 9505
42 60 7263
24 63 1715
3 55 5294
50 52 3946
40 47 8440
30 64 4945
42 40 1443
64 4 2164
18 10 5326
52 40 612
2 22 2551
30 33 5747
68 24 8245
21 20 7694
66 61 6595
15 20 3692
19 38 5713
45 58 5780
13 23 2123
50 29 6565
55 33 7338
64 54 7428
2 62 6354
16 13 2508
67 65 967
29 11 9064
38 41 1557
19 17 2803
43 36 3459
24 44 7199
11 3 4423
18 37 1152
71 42 125
45 16 6790
32 21 5268
6 50 1027
30 12 4900
54 53 8480
61 56 1421
31 58 2662
1 64 8697
14 55 460
53 69 3544
4 57 7339
63 39 711
20 32 217
31 53 5868
60 14 1336
69 61 3606
30 20 4134
40 16 2334
75 8
31 7 8264
9 17 7736
57 53 7453
49 35 454
8 60 2195
35 5 3187
71 57 9811
62 64 4409
36 3
29 20 2573
23 17 6010
32 23 7876
2 67
2 1 3893
1 2 7319
1 2 6541
2 1 5325
1 2 2721
1 2 7288
2 1 8168
1 2 7672
1 2 9478
1 2 6901
1 2 4281
2 1 3937
2 1 1132
1 2 2707
1 2 4953
2 1 8370
2 1 6895
2 1 758
2 1 5858
1 2 175
2 1 4993
2 1 7459
2 1 4867
1 2 4777
2 1 5196
2 1 8565
2 1 2711
1 2 5708
2 1 1576
1 2 9781
2 1 69
1 2 1510
2 1 8981
1 2 6074
2 1 8599
1 2 7168
2 1 5891
1 2 6176
1 2 9613
2 1 4698
1 2 4109
2 1 8322
2 1 9110
2 1 2837
2 1 4682
1 2 3089
2 1 4458
1 2 1380
1 2 7869
1 2 9596
2 1 578
1 2 6013
1 2 5656
2 1 5316
1 2 4977
1 2 3504
2 1 3019
1 2 4573
2 1 7883
2 1 6476
1 2 9208
1 2 3163
2 1 1072
2 1 1535
1 2 2929
1 2 8710
1 2 8572
6 123
4 2 7715
6 3 923
1 6 7409
5 1 9913
3 2 2536
6 4 32
1 3 2108
4 6 3389
4 2 5398
2 4 509
6 5 3858
1 6 4993
5 1 1603
2 4 2966
1 4 1813
3 6 8485
4 1 7685
2 1 6550
5 6 3901
5 4 3088
6 3 3567
1 3 1475
3 2 3462
3 6 1014
1 2 9689
5 6 7355
5 1 3322
2 4 9805
1 2 6554
6 3 1113
3 4 6006
4 2 9853
2 3 6447
4 1 864
2 4 9791
5 6 6395
6 5 446
6 1 9093
6 4 2379
2 6 7849
6 4 2989
2 1 8480
4 2 2574
6 1 3751
5 3 6706
5 4 6008
6 5 9244
1 4 6002
2 3 8281
4 1 985
4 3 9992
6 2 1683
1 4 1072
3 1 4803
5 3 8149
3 4 7871
4 2 1203
1 4 2661
6 2 5055
6 1 3983
4 6 1128
3 2 4134
4 1 30
3 2 630
5 6 6352
6 4 8502
6 1 8193
2 3 2230
2 6 4823
4 3 4878
3 1 4983
6 1 7590
6 5 2852
6 2 2668
2 3 8590
2 6 5496
5 4 5286
4 1 6557
4 6 3670
4 6 9289
5 2 3737
5 4 622
4 5 7129
3 5 1695
6 1 1532
3 6 5367
4 2 7114
1 5 8859
2 4 4523
2 5 4920
6 2 6936
2 6 6756
4 1 5380
2 3 5225
4 5 117
1 2 7806
4 6 7245
5 4 8175
5 3 7567
3 5 7223
6 2 6482
1 4 5170
1 3 7691
4 6 990
1 2 7747
1 2 8364
1 4 4113
4 1 5985
3 1 2264
6 1 4564
1 2 6572
3 6 6433
3 4 4654
2 4 8555
2 3 5631
6 4 9172
5 3 9608
5 6 1791
2 1 4570
6 2 5887
4 1 6957
2 6 9885
5 1 2616
95 200
50 62 754
71 2 5721
26 33 6973
67 30 3134
64 95 2810
19 60 7402
2 39 1051
50 28 9569
57 45 4737
49 15 606
68 51 4411
5 15 3651
57 60 3894
90 24 5035
84 65 6880
41 55 9487
17 81 7003
79 29 2977
17 34 671
77 11 7418
93 45 1700
83 73 8053
55 87 8919
42 6 3267
17 9 2380
62 88 2481
74 6 9010
60 76 2994
89 49 1474
23 61 6502
81 29 9565
27 91 6535
28 64 8253
76 86 3615
71 61 562
65 74 2651
45 59 3506
29 85 43
20 66 1995
78 80 1315
75 39 1618
93 13 8862
84 45 6010
85 40 9506
49 79 7759
19 60 2995
13 50 3750
33 41 6605
70 18 1364
23 90 7762
41 73 1855
51 55 2028
13 81 7093
25 89 5059
69 32 912
74 14 2252
90 28 7195
38 85 5493
32 69 4298
54 35 3041
15 75 2803
69 68 9422
69 79 1180
16 80 6980
41 44 3676
62 65 5943
2 68 1841
48 93 9452
38 2 3684
54 70 3089
54 73 5051
79 83 9996
32 51 4653
76 24 8736
44 29 1709
5 14 38
76 51 653
88 42 9826
63 87 4173
49 74 1358
3 84 6767
49 56 3937
19 89 3210
51 79 4495
84 63 8623
57 19 9506
14 70 1182
95 52 7140
71 54 2362
74 34 6981
33 90 9737
78 49 7547
69 43 9742
71 3 7796
31 61 7598
53 2 6370
86 53 377
34 68 4837
50 4 101
6 37 2407
69 59 2808
2 28 1540
59 64 6448
21 92 9861
66 62 7637
89 20 7052
7 21 3368
46 33 8166
61 66 3339
21 66 9526
14 88 1732
74 6 2367
59 76 9139
64 91 6484
14 89 9575
63 86 3277
71 22 2964
2 82 8865
94 88 7307
28 52 9676
37 18 2194
3 6 8511
8 69 1485
33 40 2418
59 41 431
4 54 3613
79 33 5284
18 13 6020
24 17 4798
92 21 1079
64 50 99
11 35 8241
71 52 8392
48 2 5087
72 11 1894
2 71 6612
10 46 5057
60 59 4217
1 89 3665
27 68 6938
1 72 547
1 73 9827
45 54 9602
25 10 863
54 58 9658
14 74 1522
30 3 2650
45 86 2314
55 1 1690
80 89 812
45 44 4550
53 5 87
38 52 2029
87 91 8234
26 42 7672
71 42 4480
63 27 3950
58 57 6900
33 61 4997
85 60 3594
52 23 5711
13 10 762
54 1 338
5 74 2647
37 49 814
64 44 8256
5 14 1317
5 82 3776
64 56 2706
70 14 2565
81 37 1509
12 92 1637
86 63 3466
91 59 8245
90 19 4115
15 62 1417
13 92 6581
41 77 7299
78 35 4114
59 63 3402
78 88 7405
30 5 5281
13 45 4594
73 27 6957
90 58 8251
20 36 2897
46 29 2049
25 91 7924
64 2 4241
68 79 1106
36 21 4139
12 42 920
28 30 7073
69 4 9749
29 82 2753
41 21 6490
73 46 8703
64 23 6738
85 14 8623
38 29 5912
79 0
59 130
49 32 2512
27 15 7481
35 40 2174
31 7 8602
43 14 2136
16 14 8919
21 57 89
47 12 3827
32 42 4658
16 51 2174
34 29 2843
6 38 3503
37 4 988
36 49 967
5 6 8189
10 18 5181
4 59 5958
50 47 7054
5 33 6739
50 32 7611
46 8 5693
52 39 9153
44 42 656
52 32 9528
33 52 1408
43 6 2903
41 11 5911
8 37 214
13 57 5214
34 49 9574
4 16 6090
50 12 650
51 56 8046
45 21 9002
47 8 2778
39 16 9669
31 52 7080
14 20 8984
41 11 131
15 36 8867
33 14 3050
33 14 3210
24 14 2841
4 37 3683
54 17 1143
44 17 8347
25 19 4816
42 13 3538
27 41 7018
27 4 8412
1 21 6373
22 9 7490
50 44 8812
57 19 8927
38 7 2541
49 7 1952
15 43 7615
24 29 5689
32 50 7829
54 56 8701
11 50 4440
24 49 9974
20 59 8096
26 27 4516
28 24 2417
52 42 767
28 10 6741
6 36 4443
11 52 5206
29 34 5259
46 3 2597
23 31 5804
44 41 821
26 34 7694
56 47 2539
56 7 9016
37 12 1350
27 9 3055
52 7 8017
25 53 5717
55 40 1311
47 17 4213
12 15 9063
53 45 6702
25 58 4154
3 12 8044
43 50 3322
43 58 492
43 9 9658
22 26 7199
3 12 2591
30 41 6681
36 18 480
12 9 5039
46 15 4177
7 39 5657
51 56 2576
3 28 4876
45 22 7918
10 40 1352
36 4 2060
12 55 2653
2 50 3620
24 29 1513
12 9 5118
56 42 5443
21 58 5983
28 37 9668
5 16 5546
36 19 5484
39 38 4245
18 41 2863
45 14 4749
28 29 9631
18 33 5668
2 17 2075
28 46 9366
51 23 7198
56 40 5433
6 35 8605
54 9 7672
8 43 8048
24 17 1582
13 3 3122
14 38 3701
9 35 2232
22 15 6332
39 1 9526
8 5 1719
39 54 1180
87 2
11 16 9861
33 30 7188
75 38
57 66 7691
2 59 4843
46 41 8837
6 71 5859
66 59 1673
18 8 8587
38 61 5736
59 21 9239
36 38 1822
65 58 398
32 24 1292
71 4 6113
56 57 3256
69 24 4225
68 37 5857
2 32 2271
53 71 8313
11 36 6590
47 56 6052
25 38 4086
8 9 518
18 22 1956
14 15 3425
51 45 4506
20 37 2426
73 42 6309
43 4 1743
39 56 9408
11 17 4306
65 47 1481
47 65 9929
46 9 421
22 10 6459
5 57 1085
33 57 6731
62 75 8896
4 25 8409
43 13 605
71 156
69 21 8637
3 25 5372
58 33 9933
44 19 9016
43 53 4846
65 36 694
10 66 6592
35 64 3156
27 46 6172
6 36 1256
6 40 1741
65 54 8389
60 40 4287
16 68 5684
18 20 9493
55 9 1861
18 30 676
66 12 6637
48 49 7551
44 28 2658
46 7 500
21 30 7613
53 47 2447
45 8 2886
66 57 2239
37 19 7043
8 44 1439
14 9 428
40 47 8166
56 29 5796
25 32 8449
60 22 5982
4 70 381
16 22 5787
55 28 151
22 61 7585
68 6 5516
42 13 2517
31 62 3436
29 32 8020
12 27 4853
66 7 3877
64 67 5950
45 48 5542
31 27 4901
7 30 3511
57 44 5936
4 7 4824
12 40 6481
48 19 9544
12 46 2957
31 15 3847
16 60 6576
36 61 3413
70 18 3824
43 62 9254
11 55 2728
47 45 459
42 57 9571
68 36 197
2 57 8646
58 25 1949
65 27 2270
14 13 9384
16 35 9792
39 50 8698
52 17 277
20 38 7951
16 28 1742
68 8 477
60 1 6553
39 47 996
17 58 9444
25 41 300
3 33 6847
9 65 8869
25 39 8812
44 51 1289
3 51 89
13 27 1570
21 31 2953
13 38 6866
47 65 6460
43 14 618
69 68 9845
69 45 4685
54 19 6468
11 17 4727
34 18 5063
26 46 2312
28 37 5671
29 70 4679
1 60 9530
10 61 2238
49 48 1546
24 50 1478
29 5 5638
41 2 321
25 38 2917
54 11 8959
13 48 9416
21 44 1408
16 39 7550
30 17 7496
19 71 8070
25 60 8612
51 23 9566
60 43 7277
30 7 8463
16 53 9399
23 16 3389
35 68 8469
54 12 6363
41 16 5028
42 24 385
56 60 4134
26 41 2720
4 35 4085
15 7 3743
67 36 7299
15 68 9903
54 64 2316
40 53 1020
56 16 4662
18 35 4981
45 35 3851
43 9 1075
46 63 8094
52 48 7362
44 8 486
39 62 6875
24 38 5638
27 25 7555
68 62 2688
6 15 8846
22 5 5817
20 53 3406
67 62 1641
62 71 4295
34 32 4138
66 38 9978
47 49 8129
27 11 9899
61 50 6068
9 62 3435
63 4 454
27 59 1110
40 12 4752
64 5 6959
68 15 4145
17 34 2332
21 52 4265
53 64 3338
62 21 2159
42 11 2394
7 63 4486
38 160
19 14 7284
8 30 7656
16 34 7736
24 33 6093
14 18 3232
14 31 5210
4 14 4552
9 7 9031
6 13 2947
25 33 795
6 30 6055
16 10 1179
1 20 6203
16 12 1446
5 1 2164
33 2 2188
19 2 8947
28 10 7281
37 18 8132
28 16 7765
31 16 8673
20 9 724
32 26 9302
36 38 4060
10 33 9235
5 31 8184
9 24 6499
5 4 3680
10 35 7960
18 24 7169
17 15 6039
18 7 3629
9 1 4669
30 27 7797
19 4 9560
30 9 4729
31 5 4910
15 2 6774
13 23 803
5 4 9387
37 11 9882
24 8 9413
9 8 9467
6 37 1378
23 11 4823
37 29 8785
12 28 9292
32 7 9678
30 27 5116
14 28 2144
1 18 2587
36 9 4319
32 12 9792
11 17 1703
20 31 25
34 36 7846
35 38 7979
16 30 300
1 32 8842
12 4 4721
21 30 4128
18 30 6744
9 34 3929
22 20 8238
21 18 269
13 6 4909
15 27 3303
6 17 1136
1 10 1271
9 22 8916
17 36 881
30 34 9146
23 12 3200
31 3 7547
13 6 8944
1 2 2389
20 13 4132
17 10 4067
17 11 5393
13 26 1057
13 19 10000
22 9 4485
21 1 3456
31 27 72
24 5 3418
38 23 4390
30 18 422
37 7 8213
10 29 191
5 11 8579
7 12 9469
19 10 8234
12 10 2453
22 26 4481
2 28 4882
7 31 1711
11 4 6208
14 7 2339
35 33 145
6 1 7137
35 23 5777
26 24 3398
17 24 9741
33 22 4892
30 35 637
9 2 6253
23 28 2313
20 13 9726
32 28 718
28 21 4513
24 22 8457
16 22 4222
33 36 1671
26 28 8520
21 18 4197
2 38 3904
37 8 4127
24 8 6663
2 20 2635
29 31 8200
23 29 1500
8 14 6781
3 22 4954
2 21 8060
17 27 7121
37 12 5910
14 5 6746
21 23 348
35 8 473
35 12 3650
2 25 3227
27 14 281
28 27 9316
8 38 1285
1 15 2805
28 13 5337
34 4 2183
24 15 9576
30 3 9506
26 15 3286
33 27 2885
21 38 8929
18 32 2445
7 19 571
28 11 8143
5 30 2310
8 18 351
24 37 9830
33 18 4957
31 4 6132
29 35 8327
16 37 5797
11 5 3825
20 19 1699
4 17 8551
10 31 263
6 33 4942
28 14 907
30 18 1478
23 6 8993
1 0
7 6
3 7 3508
2 3 6770
5 7 8622
2 6 2632
7 3 8749
6 1 2427
1 0
47 145
19 11 8467
38 47 2614
22 33 8017
10 45 7819
46 26 9140
25 7 4084
35 32 2820
25 7 3053
5 22 3095
26 10 8857
21 13 2909
11 30 8576
41 20 2262
14 26 4267
21 34 2259
31 5 7401
47 1 4603
46 37 9731
31 23 1691
24 25 9114
46 47 6054
25 7 2076
36 41 5247
5 30 3329
19 41 9533
6 5 4803
35 16 7765
20 13 9679
30 3 3776
47 17 6358
43 38 9134
41 47 7978
30 32 5143
40 10 4517
26 46 9253
1 19 3800
36 18 5615
35 13 9749
11 25 479
46 11 5605
47 3 7906
15 9 6189
11 18 6633
31 21 8538
26 18 5925
19 38 2658
45 41 5762
21 40 2644
39 7 871
18 19 8921
24 45 5344
35 30 388
41 30 7924
27 7 5564
13 23 1323
45 1 8254
23 4 6849
39 47 582
5 22 741
8 1 9074
39 21 8863
6 27 3476
40 9 2636
32 30 3382
13 5 9596
36 46 1694
40 17 3974
3 2 4895
39 25 7226
10 35 2091
37 33 2568
3 5 5455
23 13 7158
41 37 462
21 27 9914
36 7 7586
8 6 5815
31 4 5034
46 29 7783
6 26 4323
8 26 4271
25 38 2782
41 26 8745
18 37 8569
47 32 9399
6 43 8029
37 43 7175
36 17 2487
33 30 6619
45 12 8789
46 24 2241
21 13 4847
20 19 3939
46 17 1380
47 36 1993
34 36 9911
39 2 9723
46 38 816
17 27 2735
18 30 819
20 34 668
12 14 3692
34 23 5598
34 46 3787
25 15 1848
9 18 9642
47 4 5797
1 18 1970
28 46 3200
13 33 8020
11 43 6204
9 21 5556
30 24 7608
39 45 6078
3 23 9124
16 1 353
42 41 2404
16 8 6778
39 18 7232
8 16 9560
25 35 3089
47 15 3197
1 8 9828
25 11 8522
34 30 3281
46 24 1181
35 28 9451
36 42 4857
43 32 6809
45 43 8738
3 28 8446
4 39 8167
5 29 5148
23 17 5827
2 33 8864
22 5 3863
33 27 9597
17 38 7782
39 15 6200
34 20 8312
21 8 7516
24 13 6946
17 15 1080
24 47 5314
41 3 4773
87 86
29 86 3074
4 58 7611
8 54 325
87 83 1009
13 44 2414
12 33 3957
35 4 4002
62 41 2324
63 36 473
24 46 3806
56 19 1693
40 35 6832
16 49 8892
43 11 2322
33 21 1907
84 77 3881
76 25 2556
10 76 8430
16 59 9
35 36 1044
73 18 5008
29 60 2338
52 22 8277
43 57 3153
16 70 6999
67 34 7588
83 56 2
13 84 8628
85 19 694
48 17 2285
59 37 3107
78 55 7646
31 43 1715
18 60 4063
71 40 3011
85 42 5478
74 67 8413
85 18 8929
30 85 1933
51 14 8378
70 79 1547
87 76 3216
62 9 8994
53 56 24
4 20 4585
19 56 6726
1 62 2738
18 23 8429
21 86 708
23 53 2995
84 31 1389
42 15 768
84 58 7848
71 77 491
21 78 4639
24 3 6741
41 7 3281
43 20 7741
58 27 6879
87 29 5676
12 76 8800
81 12 7348
18 22 828
76 68 1662
5 23 9787
29 28 601
9 6 9000
51 34 6687
10 19 6131
15 4 8487
41 74 8451
62 58 6183
84 62 9596
13 79 4054
56 1 8120
33 79 3205
12 23 3477
76 65 7026
58 46 9258
27 14 1559
36 78 8901
26 56 2288
3 39 8763
60 11 8350
8 33 8562
26 36 158
7 139
3 5 4737
4 5 4318
4 1 6560
6 7 9896
2 1 8244
3 2 2104
3 2 1875
7 6 2423
2 4 5388
1 2 6865
5 3 2925
1 4 7660
4 1 5233
3 5 6302
6 1 4382
6 1 3017
7 4 9764
5 1 61
4 5 4266
6 3 5837
1 6 2928
7 6 7983
2 4 3313
6 4 5304
4 7 6533
5 3 346
5 7 7745
5 2 7627
6 2 9239
3 6 1846
4 7 7213
2 6 5298
3 5 7850
7 5 1888
4 2 7265
2 5 4402
4 5 8479
2 3 5869
7 1 4
7 5 4200
6 2 4241
4 5 708
2 1 8178
7 1 6248
1 6 3412
3 7 1331
4 7 8657
5 6 8347
7 2 6622
7 2 3821
2 6 3949
4 1 6493
2 3 7028
2 1 7813
3 6 8611
7 5 9006
1 7 9699
7 6 3499
3 4 7981
7 1 8986
6 1 6622
3 1 5035
1 3 7197
6 7 731
2 6 7309
4 5 4056
4 1 9450
2 6 9266
4 1 3855
1 2 2762
2 1 3877
4 5 9565
7 6 3164
6 3 6219
5 7 7405
5 7 9720
5 1 9925
6 5 5000
7 6 2445
5 7 1738
1 2 7141
7 6 9546
7 1 2692
6 7 3042
1 3 3521
1 5 6071
6 1 4381
1 4 6214
6 5 2287
5 2 6114
6 7 8283
3 5 5304
5 2 3006
4 2 8880
6 7 9518
6 4 6904
2 7 4116
6 1 9683
6 7 7628
2 1 1034
4 1 8101
1 2 1836
3 5 9595
4 7 5921
3 7 766
5 7 2137
3 1 7645
6 2 2981
1 2 1408
4 5 4460
2 5 5657
5 7 1991
1 7 3063
2 7 620
2 4 1511
2 6 3966
2 1 5271
1 3 2661
4 3 8474
2 3 8895
4 1 1383
6 7 9086
5 7 3784
4 2 4773
6 5 7389
3 5 8335
1 3 431
2 6 5845
7 6 7110
2 3 967
3 2 7043
1 3 3817
1 3 2272
3 1 2514
4 6 8651
1 7 3552
2 7 5151
1 2 8761
3 2 1551
