250
249
248
247
246
245
244
243
242
241
240
239
238
237
236
235
234
233
232
231
230
229
228
227
226
225
224
223
222
221
220
219
218
217
216
215
214
213
212
211
210
209
208
207
206
205
204
203
202
201
200
199
198
197
196
195
194
193
192
191
190
189
188
187
186
185
184
183
182
181
180
179
178
177
176
175
174
173
172
171
170
169
168
167
166
165
164
163
162
161
160
159
158
157
156
155
154
153
152
151
150
149
148
147
146
145
144
143
142
141
140
139
138
137
136
135
134
133
132
131
130
129
128
127
126
125
124
123
122
121
120
119
118
117
116
115
114
113
112
111
110
109
108
107
106
105
104
103
102
101
100
99
98
97
96
95
94
93
92
91
90
89
88
87
86
85
84
83
82
81
80
79
78
77
76
75
74
73
72
71
70
69
68
67
66
65
64
63
62
61
60
59
58
57
56
55
54
53
52
51
50
49
48
47
46
45
44
43
42
41
40
39
38
37
36
35
34
33
32
31
30
29
28
27
26
25
24
23
22
21
20
19
18
17
16
15
14
13
12
11
10
9
8
7
6
5
4
3
2
1
-1
45632
12033
20671
23857
47736
2508
48141
485
4045
23536
5377
54761
14923
62329
3298
47134
44157
45144
6823
50485
11831
64239
15028
3032
29768
61855
55967
24682
7863
9317
27062
53688
42398
26698
32755
16763
1158
12109
34979
32458
29027
22267
32010
56574
23793
64444
33217
8859
47126
50764
60790
48514
49999
19570
54004
10158
21032
2041
19142
62237
64710
8383
31554
2318
61267
23768
33476
49204
9080
34011
55761
26296
61917
4902
62150
9810
19503
32279
25275
8921
55798
13099
6423
875
27133
54284
53778
64814
63283
63509
51781
46147
50863
43435
51051
21888
47142
29831
52843
12619
13181
33100
21347
14585
24383
27604
9187
41627
52716
40503
26210
37196
40044
39439
46781
57395
39623
54499
42473
46069
35376
45315
45499
5449
12357
4526
838
34845
55546
64992
13705
36347
29919
51500
15616
16105
5071
44085
63445
36706
13795
31820
39860
38445
32146
9887
39008
54358
46925
55008
60374
45730
64812
43945
19858
23453
28392
12923
16431
11996
42675
29716
12985
60070
53607
17557
21526
59125
-1
37309
63646
33474
18490
45302
56025
37462
12194
62672
29241
24153
64634
7320
64693
16768
18952
55866
11965
47561
56425
20281
5776
15190
2982
58688
15799
34158
19814
52661
58451
43605
28893
1220
15539
6674
61659
28319
46124
62785
16005
23536
60383
25366
41370
6591
28594
2497
45716
29067
24162
37432
10458
34366
61321
36449
25718
36591
47126
31521
37553
39774
-1
8636
1759
42702
38465
62133
3516
15152
8552
47609
63311
62808
3779
28620
52699
12451
45259
54326
8678
25381
53676
47369
22175
5892
18791
6012
14624
26629
55305
7996
23489
44701
45276
24044
28980
7460
33448
37111
33633
42488
16291
41081
389
13680
18330
3580
29468
6219
31449
60733
15667
60373
47374
60881
36979
64317
13774
39946
34804
38764
65009
1613
39139
53921
41143
587
56114
6252
53430
5359
57742
1968
9666
58290
40443
38088
36424
30339
49976
27372
2385
17374
46718
34485
6555
54032
35444
65360
48509
26784
61298
11576
37626
11658
51731
19644
35111
41593
7784
44679
4286
58348
57205
13672
24253
34929
39843
51981
63547
62402
46691
11930
60543
3901
28270
17533
24056
3919
26024
32557
47814
60170
29212
31588
29670
48121
58629
19970
60318
10230
7490
52782
37001
65013
36951
55632
54741
4710
11749
22625
34283
38943
2135
42348
57300
26202
12784
29019
3015
1976
32834
13893
33179
10855
48912
37817
37047
22897
34087
59310
19841
32687
56883
45724
52378
36177
60033
13511
37240
55590
2963
32433
36789
27099
59606
29263
63755
31147
15719
61103
6875
22024
821
7045
55084
42124
8275
28808
25837
59123
31650
63189
14771
45943
63235
61747
50967
18502
1245
37231
35399
53900
3615
49341
24867
50370
56010
28401
47111
25841
45201
56427
6062
53623
38025
57878
55863
57207
29117
9513
6257
27148
18533
13763
59115
15181
56243
32319
28674
56223
28385
-1
41454
31914
56875
14325
60119
6607
24861
45762
34601
60096
26156
30595
45506
10809
8078
21930
64745
12723
29782
44874
9294
8985
54500
16145
3019
5717
36132
55897
39530
40808
50685
50622
49185
26424
65335
58887
36752
54192
51438
32029
26338
26009
34299
8124
18125
60409
47019
42364
49545
21077
64852
60764
56072
28726
57761
19571
41362
33057
27184
20557
19831
7459
1674
26982
56389
49056
10975
55276
13538
37631
3311
39586
10725
11420
18467
64793
38532
15940
57627
7825
47722
58061
42381
22160
42787
33379
20491
65151
20474
24505
39567
2745
51823
12485
35074
42786
2003
35391
47953
39581
17312
2956
47973
21035
1372
36414
27871
1934
3978
35723
12926
21381
21450
34202
24448
2231
2010
37140
16361
5244
32763
54996
62442
8722
51040
52854
33606
40762
38488
16538
24105
9429
3744
56652
10028
36640
47222
48657
55842
48529
34997
2539
53462
7208
13635
43298
36825
4914
22918
41563
14339
53528
60870
64415
28235
3067
64406
58275
44579
61581
63346
42115
47864
38765
1241
16624
56427
21310
42536
54960
45667
38236
64095
49536
47994
42573
61655
46469
57063
56660
55224
46012
5810
236
38739
18164
16278
12844
16407
23751
12800
40264
63161
30305
15584
53136
52121
27756
40612
60294
54003
38767
34788
40170
14232
27842
47486
6954
-1
7420
13969
34137
54199
12728
38383
18800
57663
47127
25668
64027
64264
46919
42031
41879
10416
29249
8893
45401
33571
52555
51539
34413
43653
39208
27036
29323
27981
38040
40304
32595
40083
63831
55213
14553
8956
46724
11072
42544
63282
20244
39010
30182
47111
26852
37562
3167
22542
13616
33904
16516
44306
3061
48519
40080
18164
18335
59637
18984
1566
542
26950
41172
54206
3208
56017
19166
23
50989
11454
6984
9105
2326
12833
2571
26740
1351
37226
28866
48884
16378
7519
45999
36075
1957
51026
33621
6455
15341
8039
29066
60200
29932
48256
31026
47663
20750
62461
15409
3639
3061
38286
1472
53889
58398
51566
21968
27098
34556
30086
43271
63908
52844
48143
55192
48531
50159
25755
36335
27493
42173
62123
61757
49521
33182
12294
15586
40788
65512
2839
52213
34619
33868
12959
7890
23777
37640
46200
42725
21234
35058
53420
56138
57366
47676
41073
58769
20003
33049
11303
47348
45700
6174
4763
63322
44326
31831
48092
21115
34032
24617
60975
10641
46089
1077
37705
29061
6206
14959
18319
34937
5386
63049
25836
22594
34432
8787
51897
60942
46336
744
64193
983
61617
18951
60130
45230
48777
19876
38932
9082
32912
59565
21601
8947
579
62574
37309
39304
37724
58321
42556
26089
48786
16196
26820
3808
30809
8526
3214
50577
10175
39480
64357
44100
40384
14313
62519
56213
57985
29344
25034
52326
33397
39711
12362
33997
58499
47268
12892
60481
156
61138
-1
28097
50443
1393
64965
55324
48114
25533
7989
57667
52982
4793
25530
55932
18054
16418
56534
31654
4415
35584
20507
1987
48014
8057
52469
5299
34240
48971
24473
18869
21661
20066
5978
61212
2646
40544
5208
47393
33734
57055
26400
44912
45397
29188
54264
28250
37290
9230
51815
59209
42793
55905
41953
25090
6902
8975
9432
63071
15648
48442
42679
33310
51104
7690
25419
40872
16630
49461
36301
37108
40293
49388
6119
24936
33896
54085
28354
16454
39214
14493
52202
33180
57288
22455
21370
63384
24921
42004
21807
35155
25540
11196
25033
54935
49847
41690
16031
7375
9103
29873
52826
50762
39913
2266
58515
31239
64274
39318
63647
37444
1385
62584
58300
9790
24324
47683
39727
14762
57979
21857
8796
32296
4283
38769
23094
28426
23656
28974
9651
2002
30129
60433
25909
25117
3777
44688
8079
44621
32340
35228
33138
31670
1007
37639
20380
15063
6987
50868
39409
58255
50344
24750
46158
62082
21966
17849
13846
45730
48867
25655
311
35950
49671
32495
12078
57533
15827
39421
42011
60799
19909
45300
31350
55579
22766
49036
56585
13564
34153
4448
44150
60629
22400
45548
58614
30868
40450
49784
16566
26140
3086
3339
20764
58184
21883
63865
60329
47706
16845
16745
53658
45815
32372
50394
25169
5563
22531
30621
51680
58497
9719
15787
1123
-1
39661
49673
18989
36222
56531
13134
3182
48989
55822
43776
3282
18229
43112
41961
17249
40565
19183
55670
18449
64825
47459
26946
9042
42761
52105
35178
52710
39254
17484
1701
33305
52674
50918
28865
65263
4756
62101
64501
55590
65053
53777
20887
2460
36441
6215
21195
1711
3920
3594
62913
13386
43901
28980
53256
33030
52759
58975
7308
8088
35931
60414
59677
4621
34089
53477
34927
3697
51512
2461
22751
23255
20692
2126
44145
50559
8960
43316
54423
25445
77
17347
30855
50509
58900
32362
2319
-1
28977
19665
33299
2349
30748
16694
16411
52552
19483
810
10529
30026
55386
41640
13728
59454
2179
29833
11648
6337
17714
26363
50145
36981
15724
48662
21746
51119
12058
47741
27553
2401
8935
14791
14728
8562
33770
15071
3134
62792
8487
38912
8783
48354
33275
52374
32045
9834
25710
23188
27947
9406
64253
36853
60312
28775
39164
21832
5062
45604
55473
62513
52997
34079
15234
58367
22550
30189
36860
2036
50216
43235
26124
40928
32384
56741
2652
36207
41789
62197
3274
17166
56397
42930
32175
61809
43858
21576
39800
55717
49746
36589
44679
60262
53137
6136
59529
41687
35313
48424
23420
3316
59282
36332
35372
12381
44726
1158
35941
30576
11804
15996
35788
1036
27503
14504
36454
10801
37911
32783
17120
7506
10009
46189
57132
64707
1105
46207
42413
17208
11684
24453
21988
27904
3034
55762
41951
50133
1821
52727
28334
53743
59075
45552
2045
3021
32787
27944
39914
41020
52969
12745
14247
29148
3054
3409
41129
55787
64256
4158
3182
3390
20977
9271
1059
5087
10642
50493
20190
20655
29195
24274
52788
13941
22178
19033
63759
49540
46342
61447
648
48876
30947
53400
8949
9397
22426
4173
22040
57336
60017
65121
25216
31908
13040
38696
20562
41763
64358
6120
45591
56057
45834
64633
53009
44633
59364
11950
23600
27223
24514
10709
35658
36976
61474
51946
60134
11111
56722
59765
41188
34095
57415
39939
18051
21747
57853
31196
42033
48120
13449
5118
7248
49925
52321
7664
53859
13962
-1
25175
26936
27840
37255
47839
56763
48554
16246
1375
4143
36803
38864
28024
46969
23136
34736
950
50287
2400
24152
52694
27455
20874
49299
64246
29218
20790
50007
13273
16692
22360
46586
54529
56692
3009
15341
14287
27307
3726
63344
61019
57710
51963
40223
17004
13808
21464
56803
19458
37906
1466
43706
24210
2716
62709
23485
56080
58988
33754
42717
899
14559
29408
48369
54248
9963
43777
47552
26239
41702
27740
38617
56042
39398
12040
3189
19860
12853
44791
55145
24926
36618
62727
61148
2243
55412
5798
29252
65436
54881
57971
1656
28483
50579
4076
25498
56012
9457
38200
65230
46963
49361
14521
37586
44097
9660
20017
59781
20227
25882
60410
42645
17546
52814
5805
21057
16505
46509
-1
48371
4554
1445
4605
20881
54538
12895
16731
34662
20668
14286
48394
17249
4419
18693
2716
38093
49817
39132
65234
8157
45906
31261
31076
46157
10442
27498
60061
14796
54440
28602
30455
59193
46238
11496
58655
50398
40831
62373
4027
59941
23791
60079
33472
64177
3786
46573
52709
8817
19184
46644
6398
382
23149
49577
758
54548
35147
23071
4175
48285
60197
12032
43147
4127
33000
2165
1805
19607
53986
792
61994
20124
5521
20752
34451
15530
23394
18104
41214
52164
34085
46970
42660
47289
51023
13276
60170
43237
27815
41566
15534
61086
63698
20819
16935
2636
19371
21411
11802
27268
30301
47306
38018
50261
54161
53936
55115
13679
42119
51332
32958
49516
7175
63202
33520
58074
43021
63801
63471
23814
46760
1362
11549
15412
2924
42763
21669
56335
39778
61247
31082
33190
4101
7580
25841
30517
65015
45379
52333
3190
5005
56274
22105
34959
17114
37016
47215
33262
29308
62086
31740
59067
36612
36856
19937
11945
33955
46834
33815
13117
22666
16487
34610
19827
9025
12327
38039
1419
3942
62371
25518
58290
22574
31789
50887
11454
26602
24352
18678
-1
3105
61899
14076
42644
12835
31243
61806
53774
41014
50782
35673
3267
33583
25512
18099
56232
58370
13906
25138
1687
11385
57064
14715
43235
4422
25596
58425
45893
46126
61183
23787
46419
47513
39691
52965
7796
20805
27574
52970
16639
58804
35277
55077
18051
11566
42237
56606
33542
46463
42775
4755
1893
57072
4841
46593
14965
14348
983
17659
60844
27654
23928
45927
10238
49083
34748
3909
64164
24758
28385
10051
19664
27297
62757
4579
48371
2262
14043
18769
27597
441
20997
17559
22846
13126
8355
31911
57307
2048
62425
34666
64719
36608
36931
26921
42872
42008
27169
20418
2314
19763
15219
25195
62943
30480
60258
55670
55679
4089
22462
54674
39650
46079
60597
25610
6189
4109
65051
35752
46585
24648
22519
23608
53841
18002
4564
56194
1422
49712
63298
52052
49124
44750
60447
13528
62717
37641
47016
4701
46508
40065
9388
10142
50611
12426
7916
-1
38310
42084
15183
17589
11936
57981
55999
63768
61185
25323
31741
40710
47425
7364
59565
168
41363
30375
43096
34963
15758
57936
18526
22464
52179
43742
60963
53884
11180
15416
30429
22477
4119
30918
15939
58894
54997
12193
32223
1717
6660
48481
38212
65040
37401
40673
20138
3940
62725
21749
18638
45059
44080
32895
19417
7777
32588
33373
42001
2393
50723
55205
40311
693
4572
30853
22128
5726
7798
19558
24140
24629
35565
31824
52924
47675
14990
5995
53186
4233
28979
1262
55612
25850
52517
51164
24159
61461
48275
43247
31425
14008
8395
23297
1340
64706
17757
57470
47338
11455
20664
4572
11720
7607
65175
24551
4765
3361
38463
22779
51970
32692
9186
28388
52113
35986
14423
46076
60955
41962
42525
748
354
54771
19394
10133
63381
44669
34004
18220
34203
60111
8520
57302
11946
12289
38687
9529
48410
19691
11518
36349
3267
2502
63092
38557
33195
51652
44139
15082
57961
13167
23516
39585
26246
33376
-1
26822
53678
53280
59317
55198
418
29457
11265
3360
12780
60891
1226
56890
45127
49567
54988
35252
57284
48879
680
6399
25789
13938
40213
56527
57325
9853
50015
4613
37957
43570
4078
19505
31014
6840
24316
36474
22310
21108
54231
35084
48696
52697
17149
8617
25922
20785
2479
11774
46289
65372
48689
54937
35448
15647
34311
63982
35863
10335
1145
16248
13914
31376
22125
59583
7080
23777
52892
49687
19361
32052
32633
44276
9976
42050
7168
7241
59659
51776
50389
11020
24280
54714
30813
47096
55155
-1
14383
5343
50523
47306
59839
18228
39691
59159
55179
50212
2194
10360
45484
58307
58841
11293
44097
13515
43554
55471
54667
10854
9076
48665
39627
43416
38820
22301
64518
61606
22157
23780
24401
-1
19796
37578
3058
2966
14952
33501
14311
15229
22169
27579
23239
13346
44219
37435
20949
61323
57198
64240
34370
63795
31791
18305
4931
27198
53378
43408
21311
62349
3069
2265
25164
40934
50347
53892
48834
43132
50157
33611
17113
27547
31062
64259
26361
44640
29221
51424
49563
30917
4441
58855
43710
26130
58345
39257
57904
44876
50011
19898
43070
14445
45165
38981
11133
10985
35502
40216
37537
34430
61539
38038
19066
33482
63121
56071
34921
13470
37867
18746
18862
58525
38889
36497
60056
17741
51521
11285
9673
21754
22431
13869
48610
60982
22402
28986
28776
46015
6497
61279
43580
53250
20498
17855
55185
56642
24316
65097
50244
64147
49473
46768
64193
60991
18694
50651
5105
46190
47043
791
57316
33912
7684
33020
6065
34396
61335
33801
9476
33389
35021
5680
59458
56306
15285
38183
5583
58466
65272
32690
13620
51007
11976
7212
7404
39855
28056
10614
16137
19954
42977
448
6350
62887
28932
9250
17850
8422
7458
19163
36421
8112
34371
27140
4147
19016
20771
49941
26152
12862
51523
64804
54808
18580
30916
38908
14242
46430
31507
21087
23231
56434
52727
21393
12824
-1
18046
8048
50234
41343
43724
18589
56460
28373
50709
32870
49051
27318
44907
59924
43607
20245
37612
8544
54322
2328
15297
38522
7271
42738
54020
29181
53354
45056
44976
56370
49113
35061
41267
25904
35502
57631
16605
54118
63811
63046
42953
33615
55681
43348
54814
32033
38713
65308
58193
11534
21221
5023
49653
6204
22778
31021
38529
59410
49322
28179
49706
55965
52365
58922
15237
48721
30014
40111
16730
56648
45015
62433
20053
3477
60339
22234
62092
33342
59786
25490
35188
31607
59140
12693
810
13139
5765
1822
28630
58157
26245
15927
62878
5918
52172
29705
42021
19218
15788
21569
63892
34294
17051
17319
25586
13936
627
17259
46311
37588
27902
30576
18291
29496
19841
7057
28639
62304
2739
7134
42280
35177
40656
45326
6696
42130
39779
136
58036
65117
19870
61713
46043
36106
13243
32230
61342
45357
33170
45382
51493
62908
33757
4819
32597
14546
28527
62853
18769
60255
50108
12453
51282
14548
56423
59317
20829
239
52013
27381
58034
39067
37053
58308
43167
3038
47221
23720
36555
53804
27745
27159
7493
43918
2763
-1
59043
31747
22237
42785
8123
15509
41877
36857
7078
19725
41650
46701
45355
6167
45293
52653
2895
10855
61999
36451
29894
47354
40205
34376
1014
26559
43523
56710
14072
31506
42127
5030
2668
8981
37355
46695
20608
25367
2167
55504
30589
24171
2589
57909
57182
49725
26365
50681
12045
41090
25004
25170
39152
30481
26015
34156
21019
53292
8535
61200
10959
38181
15842
9502
56223
5779
7049
32332
64495
29901
57428
63250
62534
59192
21904
42637
55312
1802
32232
48859
46453
4337
29710
1968
-1
40161
31439
10355
31128
6639
38919
28202
5405
19802
27125
12828
1901
31343
31180
64310
36981
17508
40353
21310
44948
23911
21257
44083
35325
10932
39580
47300
42967
65096
21014
7969
5474
31362
3630
15376
10767
20489
1908
26778
27968
21253
25851
33402
34234
8879
6019
1978
48954
11145
9041
1956
19474
22989
64005
59289
2177
9088
41032
58056
53615
48858
8906
1420
12097
65532
57717
-1
20464
10880
29876
47134
6874
23232
3210
61704
10858
21350
15666
56474
27146
21184
30540
8213
41044
53445
28297
62296
33784
43082
5118
14164
19466
40661
7477
31040
46195
54904
7870
27113
283
39855
10898
48888
16416
5054
34004
56613
32307
12154
38274
27543
45927
57890
24367
30952
2794
64022
8641
39923
15632
61174
37137
46817
17502
664
32515
31848
564
51897
11016
41548
26897
46664
18922
41788
347
13035
14559
52722
56366
15358
26076
16806
34354
29897
1895
38887
64291
22911
14132
38181
10308
10671
22898
7349
8721
35705
31785
24192
20380
60311
24997
49633
8909
34060
6867
2554
54076
11210
37428
59305
3910
40047
27893
23331
17456
36338
14127
20273
35154
18702
12429
32324
28862
9020
14218
8385
29721
36195
15695
50718
56757
16923
3345
23921
44831
62619
36869
28743
19409
38725
48998
11019
26038
20267
45472
39511
56704
60925
5858
63921
44434
50010
11951
34494
48399
49534
44580
37020
47789
25974
43676
53411
53108
56906
18462
53280
21586
28110
43680
42442
22681
51972
15561
17935
1124
30126
45616
20487
32236
6288
39449
18069
26678
46803
49288
28782
1140
11585
10028
11745
5890
55995
3370
44710
2174
922
15943
47350
4741
49296
29224
35347
52987
34039
59225
23030
28634
55971
26241
62553
63706
26023
9262
39307
41191
25732
4225
30943
27391
55023
19491
1795
1866
3347
38168
13050
43681
18521
-1
26828
35176
45670
41051
18027
722
43381
63149
19936
45353
38131
12683
9084
21206
32021
-1
36338
12754
19241
38399
11808
10852
64400
59446
25306
12264
56935
11794
15054
49610
41814
39172
43444
11762
49162
56910
7056
60544
45013
25919
65112
57130
45737
4430
49945
13948
13066
8178
8736
21489
12542
64381
13178
13819
6996
30701
11107
15173
5050
60283
17019
64047
44678
25594
57549
58940
31067
45340
30530
32489
1398
33026
54531
33006
16249
53428
62902
56979
35412
48418
46021
38234
958
10102
52832
42440
45984
32790
51930
59540
10026
14433
26545
7743
57098
18594
46302
16167
63787
63943
61793
65367
62238
8697
26349
60550
35465
13123
36038
42559
929
38070
5346
51404
15927
46692
52942
23951
51764
1158
2960
9797
26709
31009
61745
20375
22784
15934
-1
31293
17734
43391
11260
39190
376
60172
51535
42342
62702
36043
9104
53123
36652
65403
65210
55899
48699
14087
649
2186
18026
23289
35318
18736
17077
40510
61201
18750
29764
28376
44316
50936
57664
38656
43859
42298
7292
49725
42062
21071
25877
61232
5080
48128
34939
4562
40813
5071
17610
28643
2365
41231
2522
49226
28165
41506
1166
27240
1086
59450
29348
45193
11090
4725
1866
36406
62820
48234
62090
36998
12779
11407
12323
2783
43841
24263
40092
29824
1297
40143
12391
23055
49398
61834
11899
21763
17206
27096
20733
24140
35642
149
32177
10828
8927
5546
16463
57695
27630
16972
52983
54957
49365
17147
52313
44353
57088
5546
10674
3085
4101
41976
2651
38761
58266
41922
30414
60935
63520
2547
-1
34939
11366
51071
8048
11104
9980
2049
5776
42762
65381
26677
28364
28751
14293
30658
49195
29317
59714
4906
9846
29583
46850
46131
49677
30768
53015
27656
60197
11610
37968
6955
5578
63089
180
25250
28455
44077
59076
33342
17094
16781
40309
6834
59554
48470
30775
22821
5730
704
57419
37460
14876
36821
45735
15553
48536
59250
27692
58973
935
51711
65016
48651
8647
22410
64995
33807
64750
38678
40635
21387
25277
-1
10711
43253
49129
7263
34463
31455
1264
62975
45147
48673
22369
44923
40290
2944
51022
32847
240
42989
25226
-1
29603
53666
15526
30415
54962
62291
52677
64461
43523
1803
32438
21135
3331
25441
48581
50458
64581
4065
25733
21408
1003
11967
60742
21897
54973
48991
8161
41762
19861
19595
37692
27469
62780
30523
34439
34698
46171
43313
60663
9564
60108
28626
39000
47922
1072
52531
12823
37700
54709
2134
57595
8661
50881
62960
31005
45367
6647
35223
19665
11485
13042
37240
50646
53473
39606
46780
4192
40959
33483
17344
25201
16784
5117
62171
36357
1160
7418
17281
40999
65390
6469
8797
17003
25084
31749
31405
2251
49130
33911
6728
11879
31948
49891
17049
50101
36977
19117
58643
47399
8314
-1
59846
28262
31392
45981
44456
43718
10886
7086
1327
33883
15040
20382
2296
44781
49302
11965
56254
55133
59514
56685
18384
10015
62772
32418
13397
41243
40542
37817
13746
53001
10512
39263
36639
9199
-1
3233
43292
27590
61978
2939
39223
24295
41966
29606
47600
15628
15081
38166
2172
36862
21046
38437
43893
50437
31582
28066
8581
7621
26835
55863
9793
39416
40231
5492
34115
5147
52532
13593
55755
28768
25480
64025
59980
50153
711
15193
16292
15692
29064
26394
57906
304
33096
1826
44970
45822
62656
45428
57967
9584
9389
15860
5210
24383
20076
23002
10606
12968
22714
40653
51916
15635
27559
11900
11984
65181
24540
26297
26408
35422
11973
1638
21494
52973
3245
17921
64512
47204
61227
33522
41669
20409
51024
18014
54509
42826
55166
17198
15894
39304
35529
-1
25391
27451
56626
40976
51808
6516
55206
23880
33199
6541
22572
64857
62324
61192
30740
4408
7892
63891
4285
11043
3347
6591
6503
9999
64367
28672
24800
53414
17083
46660
45906
59692
62828
21641
19273
21368
43993
13658
52390
33779
4735
10212
23355
30523
45157
31214
31146
46826
41675
3726
60607
36593
43262
15640
40258
5241
59358
22595
47284
30605
21398
50240
37461
50887
28855
20163
64772
15935
24248
20091
61956
22762
21330
3553
59477
52846
31466
37365
44549
39764
47590
47230
6743
29938
30773
55758
31525
38991
60020
43827
63129
42604
27132
43483
58507
46497
9221
59994
15673
49633
12327
51649
53811
36387
44521
19364
56036
5723
4695
52492
16985
46335
52817
50635
20788
11465
11117
9664
30758
34255
51301
31574
33627
63110
32448
24842
6233
37361
38275
62195
64612
1490
47292
36393
44426
51912
47274
55173
61362
57010
57341
23230
30481
19266
48491
58994
9702
37416
27385
35098
60598
3396
59637
15756
45008
18427
23236
20153
20117
749
38363
18853
37066
43620
58477
42704
582
7609
36243
65017
8539
59991
21348
11049
42561
44598
42833
45484
42265
38552
51866
34081
5656
35527
14622
9830
41400
35389
46033
63127
17393
4408
21396
49339
3092
61000
37652
4880
58652
53689
61492
-1
49068
875
17788
38649
42260
62195
61437
42811
23819
27365
6848
26696
50942
4383
12414
30702
30428
17813
21956
41439
35607
63389
19435
14265
57559
2334
28885
55383
5551
25771
34604
25619
8915
64240
32341
38383
63754
53083
33939
51790
63237
43225
52898
28454
8016
37701
42629
51604
27408
10707
59164
64570
63260
50802
36157
35372
22328
4424
1072
28299
33840
19440
28879
20791
11249
28101
24015
33376
54917
43160
17525
31379
45162
8960
52735
62984
35284
55737
44610
34325
48360
1671
60628
64668
33654
16893
-1
31264
25474
25217
45990
35241
56001
7283
54809
3084
7663
55780
16434
46485
23087
44384
9534
53920
26404
53741
29428
43771
34773
10729
12028
38506
17765
28183
21209
11276
46298
15029
3780
31727
20751
16305
26376
32544
25415
49693
38163
18106
33804
53178
25189
13021
36179
56165
27853
45268
13844
60156
56977
13427
60352
54903
53047
4636
7123
65073
63582
47337
58290
26687
64403
62896
21884
15913
60414
26163
42048
50706
37519
9
18113
21314
7299
54234
9794
1405
209
26378
24234
24648
48643
35868
3790
14052
21569
41989
42020
52957
50203
32159
20182
19321
26585
47281
42862
63922
9929
9546
12367
9887
53706
57142
26233
1157
44119
6984
43161
5239
44191
21366
23626
23442
38649
52882
39067
8754
15283
53695
58720
57222
24816
51073
9305
48265
12481
15083
43943
45427
55896
6067
61815
55202
15515
56182
30075
31360
48151
3462
15895
40
57829
8996
7833
39510
35618
19684
53159
15786
28701
28251
47652
35992
31692
40038
35042
56457
33768
-1
31976
6274
23097
48216
60750
55820
9725
5517
23385
56702
34023
39055
9046
20991
10305
31629
56410
34303
59040
52904
58798
1632
21102
64500
30129
55070
57351
63097
38774
52617
19099
41243
3756
9173
1700
12739
50533
39096
477
7289
43581
45088
2051
29985
12147
58626
42733
38599
27971
59007
52304
32966
43037
32083
58013
45463
63744
63805
2490
38881
2418
30197
27996
9504
23308
46163
1036
43837
29209
63475
1705
25101
12567
17757
20648
6792
36149
55089
12961
51309
57766
4890
25594
42582
22108
638
53828
3054
64502
54097
63337
46515
58429
51978
9537
1684
43829
52703
9405
23077
51771
31312
45815
15425
24034
20696
-1
47999
23092
41638
30836
64060
17947
49490
9110
40419
37058
17771
9525
4247
64188
36362
46714
7229
57684
51234
21745
42305
60192
58728
28562
9612
44196
59372
3181
14461
40059
51765
51611
49913
36639
59856
33436
1308
32559
43902
42189
53875
11818
47321
14212
9010
47386
61330
40621
40726
5161
47095
60665
35849
37868
10895
18467
26658
35599
11538
8031
12745
47068
49086
17023
32705
35406
14219
34870
57507
20915
49572
31546
56170
31939
40217
9817
60782
11131
63742
31555
20396
11806
48429
28679
21165
50770
31865
29962
51173
65513
20714
26632
5975
926
42688
20304
40967
64910
42019
47075
30342
55707
25652
37416
63163
49545
17057
1807
47777
47620
21844
60101
55745
11675
45577
53833
21562
46927
57671
15694
53024
24788
16760
42671
9158
40613
34625
10001
19743
38361
63783
39581
63260
35925
44047
45037
10677
28408
607
1986
31261
59793
36450
25001
18025
4141
42944
-1
46935
53955
13336
9896
50206
46709
27083
22093
4
42932
52680
3741
26377
30947
43850
39847
48350
50519
30138
31266
55658
19832
12668
50634
27185
29883
28969
13814
24787
36011
50501
26270
25235
48244
60579
38201
59903
56508
9143
35433
58365
20624
39916
47974
11148
55940
60549
30128
9917
28103
47031
1441
19087
53146
16375
32534
34601
57927
38634
13068
17196
36947
15880
62620
55396
48417
2048
65271
36213
29178
41522
65199
40941
62897
43388
64952
61763
17860
38897
17101
22520
10716
21902
46522
22936
10257
38283
22689
40080
65109
206
16242
63116
4912
10371
41328
19917
32361
29765
49745
34794
43647
42038
2140
26303
47469
47754
18823
55877
1332
17242
19507
60796
58184
42921
13117
39916
5676
20271
3833
31865
34379
39746
30186
23714
33525
58112
27513
58457
26236
409
6232
28874
62325
30738
31166
27096
46745
41125
32651
29679
14464
20720
22631
41490
58824
55100
52105
13155
32984
6688
17698
17117
34626
58160
42534
2669
7229
65483
48487
62837
15250
44672
34574
49568
29785
48937
28945
23884
60772
40810
43353
55445
34841
54860
46656
55950
21266
21636
11209
20401
28081
40227
60931
63394
10087
53026
17101
7571
31938
38579
-1
27749
57159
30533
29841
30162
19134
61376
29075
22965
14462
23586
56943
21873
22706
20398
10349
59863
44695
54744
27589
5429
16770
44284
34232
41271
28474
36095
61376
38792
12580
59362
19262
21890
7775
61711
7322
33858
28754
14018
40249
31129
1790
5835
1394
14054
57403
51105
21006
9608
33446
53192
8222
25233
29548
421
32993
37040
62677
65397
41229
10457
50743
45623
30325
21243
8792
49869
23000
1338
36010
30301
41766
32896
56758
33542
31278
20333
45891
40959
18296
23797
41873
14146
31776
46665
21468
46576
61722
49800
49808
58198
36495
58266
21485
20797
17230
44729
55018
46971
48457
30466
16828
28883
28804
27214
53745
46987
57815
50946
2090
1354
57586
58528
54056
48281
37106
19674
21684
10434
6975
13430
34591
47376
14409
4132
53479
31577
13237
57357
31902
12810
2082
60602
1989
9588
45398
19357
35633
-1
36738
31302
60991
29817
43165
9619
40600
58619
2361
53132
41453
50586
27669
19012
51625
63052
61050
36239
55685
50032
18164
31728
50562
60008
57716
18794
27990
45192
35457
51450
65209
62578
59131
50484
937
20475
53685
55529
11034
16671
773
10957
37089
51024
9638
63801
61683
9754
6904
22862
31425
47021
14840
57237
60403
60187
39558
23551
64930
14870
37272
14178
24589
60760
27500
32771
40352
14941
15273
30416
14415
42894
62455
3528
46959
48161
51094
32605
40710
24975
83
55768
13827
45618
17038
6138
18756
49257
15244
9190
36322
33828
24327
50927
8641
33883
21724
35703
55976
12645
38055
28795
55835
50954
35007
18099
34702
45856
18550
47303
41797
35045
39766
49232
44990
43059
44612
18553
4256
4026
36879
63163
20706
26276
55263
63178
14346
16940
26076
5189
57469
47324
16989
27781
13803
16699
48733
41986
19388
15483
44270
4599
38825
65187
28480
440
4459
36806
46599
24905
59919
56782
35442
12582
48248
47733
3665
58896
11936
41994
35937
14603
57845
60449
8913
42780
52168
1921
1857
27267
57729
45472
49638
55631
3224
8061
40201
31287
30767
41892
32378
25299
11676
23331
64126
14404
39369
16474
13246
20766
57428
56378
17027
63456
18720
57394
21928
56742
19967
46087
20336
47957
32602
13352
22172
21493
58462
48518
1688
39530
53108
1790
46240
-1
61874
6121
39803
18311
61314
15147
53275
5003
64584
60480
30893
38226
28189
17633
18373
11761
21521
14650
18869
8509
13135
47282
64905
32214
57194
21912
52774
51514
32521
8958
61182
31684
49998
36872
9955
40967
47707
53487
37778
51411
48080
10141
9949
23848
37516
15443
6809
2698
8532
31380
14602
58111
28389
63878
17837
3213
1582
4439
4535
65334
37188
56277
44118
9665
23779
16901
23661
30685
5163
38303
38088
35078
52699
62944
18053
37761
48989
46572
32404
46230
990
51561
58802
46947
8806
45340
56018
43577
14347
45144
16262
19407
41190
63950
55810
46300
55245
54002
41935
56282
508
54210
34369
41747
46178
13803
11723
10653
4928
7619
50418
61814
32203
53837
52349
22194
24576
60114
50754
32031
27352
5745
58617
58292
48360
33950
12454
8845
11540
6907
44769
50588
44475
24197
56150
60302
41246
30415
43196
1226
10621
28968
25971
26955
41634
17235
14482
39468
54994
16666
2930
10445
55861
33185
15084
1497
22133
44665
12631
55552
41923
41578
48501
12331
45531
36909
50477
19676
36682
29107
9653
1757
45538
59911
12571
49196
21773
49947
25797
25561
18043
27263
50155
44755
54897
63954
2867
50354
3616
53303
13070
36084
31452
63711
65403
37269
17144
34199
14914
406
7448
58385
-1
45130
6516
54976
15463
4232
25646
30190
47473
356
58725
37835
4502
2776
55743
51591
51693
11183
35487
51271
15621
62998
63539
64923
11931
58064
1539
37957
28545
34374
47785
62942
55592
35173
7879
17922
9007
56508
16320
22002
24848
13941
17020
33726
49545
9222
19530
42994
39779
18449
42910
57112
61354
56849
6889
21380
26830
23334
29321
25470
15412
45393
20248
16055
56171
13846
36026
27032
61091
38096
6145
28477
20707
4582
33335
23853
64748
9684
27409
8673
30314
45079
41489
25179
58944
7353
11660
63001
53684
38911
35311
60722
42631
12131
27099
42182
26330
1650
19494
22945
18792
57593
59245
61314
58111
53725
12424
38413
47378
29870
37048
39524
12769
63274
362
21160
22588
16776
26814
42004
6581
24854
35134
41634
47907
30329
22265
22392
32553
31496
19193
63607
45624
55751
27588
25925
41555
29166
59453
282
17905
45783
37588
10914
44611
34651
24475
43069
4081
28734
30352
40231
6598
54562
50312
41811
28938
20542
18345
31632
-1
16118
39000
6326
46231
46406
30756
19051
45052
6865
30083
796
50462
1928
2251
14596
17900
4394
34928
59815
26392
56033
17187
34532
14250
34805
61904
34974
9551
28299
58423
40083
9999
50736
253
53852
64683
9308
24287
8914
13918
23448
41512
17645
28581
28215
58714
60
21567
60110
18815
17776
11864
3121
3870
26849
42781
44043
11969
9518
20024
25758
28460
47143
45322
3811
25516
28137
15745
9158
30217
54177
37239
35502
5246
23444
27572
16046
59450
59683
30670
25805
28254
33952
48422
36719
35340
19275
4854
7568
1356
17064
23572
8656
61536
59513
29495
9870
24263
18800
31049
24275
34726
58090
32410
33796
61087
50175
46222
33234
48107
24628
6298
15839
62767
52543
2609
18821
62166
6085
5278
23820
14708
22494
28836
6194
10414
56525
7543
62371
10889
36992
34509
3010
5078
17731
50320
24262
39162
30767
49325
57762
51425
250
54928
10559
23809
34155
19467
30185
41397
12474
58052
35431
53909
57178
27716
37985
2888
28590
1313
55366
52053
35112
30465
30657
30941
40537
57911
4171
417
24296
46641
64843
22996
52973
21466
53813
24859
31167
1020
33560
58189
27747
39175
30149
28343
15029
58210
62165
10442
3323
45507
24281
13579
22686
9751
33406
5524
30997
43294
53995
61647
35325
4976
5605
7829
49471
51603
64429
42591
3813
41680
64618
20504
20688
27864
61763
43158
12202
49592
1828
4799
32652
52253
33655
48244
15197
61589
11546
20418
29954
3630
64054
34053
-1
46969
41696
5587
8492
19341
30971
12843
26295
53060
28205
43916
47512
61532
22399
34405
34106
18768
35943
5638
23602
2181
14060
35224
38067
6029
5990
799
56825
28008
9693
49167
61854
16031
56930
62705
29098
33882
26405
36981
46718
28382
3075
47229
11023
44008
27629
54355
41895
52968
53872
8600
43812
56233
59472
14553
17708
25568
41004
32611
63331
56249
23229
6343
2963
35545
22425
6992
46240
47698
54550
45385
25617
10228
28083
50452
58587
18344
-1
22148
42814
24182
47584
3605
53980
43477
42420
26759
27788
3162
39835
56010
50241
46451
20849
56870
36267
5004
44055
56083
7812
62779
43407
8760
22006
681
32992
56951
15238
47040
46266
20535
42902
20761
34422
54845
11132
39906
46890
20067
7753
16462
4040
42493
11248
18813
48347
21297
54142
20854
40070
15974
54300
59038
19847
10373
43337
5187
7595
58396
41111
57758
44166
51181
57647
21740
22709
15351
27027
12518
44519
56479
2362
34185
34130
44066
8575
46920
15780
45852
8628
35877
3039
46281
15227
7352
50119
9095
41000
22368
35151
50274
49934
46593
20906
10865
6361
7034
33265
40110
37023
17797
24000
34100
43901
61005
64554
4496
11478
48830
57708
47951
34467
26765
39341
43404
28543
43550
25910
57576
32756
59295
30319
23545
63515
13341
23989
40223
55756
46422
46774
54259
62671
22050
47431
10576
63047
52963
40123
44376
47140
46284
24063
10603
9261
38937
33198
56306
20051
12636
36431
45057
15404
64465
13538
32511
48897
14643
26186
41918
16240
56664
16607
24820
63039
64450
53987
59502
38161
8820
16530
59648
46707
4957
33202
11209
56667
21762
31168
26856
8693
5700
61901
21554
6905
36510
11812
60064
43548
30816
45919
65131
54194
63561
6493
4748
8990
21084
3613
19030
42962
11947
6873
28922
19907
12129
14949
27283
24409
50524
57228
18305
33921
43082
43612
50875
51180
22440
11393
17581
2366
55947
10300
40089
58714
23274
35044
-1
56429
26249
54765
13752
40326
35272
32986
13054
34572
50363
54946
27780
13579
13251
43618
30317
32567
20442
9213
13190
1714
38863
57677
8246
9116
55370
13523
7721
-1
49015
59670
21382
8387
47463
51952
31535
17744
29192
7844
14975
58469
51389
8410
55636
47967
7561
28796
54181
50769
16822
62194
60928
45814
41988
19827
10336
46748
54217
12399
51895
49441
50887
27620
44319
24303
34245
57901
24415
29774
32161
4045
53086
44499
15792
22838
44111
22835
30074
26116
339
49835
903
3041
51070
55921
2543
58740
65477
29305
50275
16726
18917
37636
35441
2889
40401
6348
22730
56578
11811
18012
59673
47057
2175
57776
53415
62166
3236
56356
58870
21110
27157
13074
17135
35385
9580
6124
35958
35456
16823
45617
41697
60762
52243
59090
22005
2144
55494
50979
13198
34069
29790
26727
21813
27763
18549
22154
-1
6016
47670
57641
46777
54007
63268
61182
64616
15477
51734
53780
52246
50090
13577
38320
32892
5688
-1
38215
22046
58851
24997
44425
62392
4383
20912
26802
12166
58840
-1
21539
44933
2442
15260
13008
3989
37415
48652
47024
40442
7160
29562
18701
40500
41414
52460
22516
65429
62564
14172
55516
39671
54191
19136
24518
24254
51597
28558
32031
17890
28047
31403
13953
24069
60684
25440
6314
52176
6120
13067
2574
35111
39307
37406
21658
46632
17648
24117
1861
17468
35837
34975
8003
38483
23466
50496
8203
59764
22746
22238
53174
23008
64991
27886
29530
49514
35788
41557
41616
39686
38767
11962
38655
45035
16250
59721
38447
29520
58395
65029
8341
43226
4281
37705
65036
23741
61185
44183
9861
19095
31351
45265
10219
15030
16727
55134
30124
34342
1216
43472
54895
26609
17953
31296
33318
62086
36609
12208
6953
62731
42853
19033
17438
18873
12816
38825
13357
48044
12887
30495
55160
62761
11166
47873
41948
12984
57321
28609
13677
43449
5734
37877
8764
36004
10678
53860
36498
14230
48922
50598
19047
4439
26719
58856
59663
9368
34820
11374
39560
41701
4825
53733
28764
58011
10081
5395
14438
9879
64947
26732
482
41748
60474
37503
17357
24409
55202
50676
4087
6772
32058
388
10484
54401
59656
62795
59848
47104
33841
1226
10891
49783
62315
16526
27094
34398
49020
32292
37820
21834
64621
781
18903
14925
58442
5438
28105
47238
63135
50532
16470
15084
53790
2063
52949
36757
58454
10748
36483
15270
18749
5294
30255
14903
6311
8472
27361
13634
40213
26799
41673
37076
16465
55542
30562
60490
39204
33894
30200
-1
35489
6767
28030
45921
7378
18175
32428
64695
40885
62599
57675
13270
41840
4193
44384
56399
29502
10411
31117
24710
34066
10971
16270
30843
33242
39151
44735
23789
42849
18875
22275
55761
16404
6390
2244
20790
33367
49797
14309
40466
1980
43231
40171
49355
54873
34740
52291
32385
13533
46989
25455
56354
57067
17634
55752
46945
14526
35505
1117
28728
1431
14367
17881
22140
27042
38878
13905
2560
18066
32507
8372
51943
46245
65219
1670
54185
5588
62004
22929
13218
64920
23454
20903
51834
20027
32337
12161
8917
5233
41235
48560
26582
13904
31119
25153
28540
27269
25829
47353
58073
17279
54798
26555
15584
22489
15400
22214
234
14569
8011
38540
8802
61434
12882
55383
40149
10887
10609
12222
8754
24777
57143
59847
56777
35755
59582
53204
34092
28333
55691
50563
54707
20521
27656
23043
11948
39860
58076
65029
2987
43931
44671
6427
15169
52676
21012
29698
7311
13296
10200
886
40900
4170
24143
27538
46350
27418
29180
15701
3750
29900
20307
61909
50229
36827
20890
53698
49531
24678
50638
55776
51670
17227
21619
20375
37577
21315
26620
14524
21323
15775
25474
15405
15287
41401
31705
60429
29427
35772
19031
24866
35085
45126
19785
59612
38939
61912
53400
30757
32614
61549
37054
31436
61829
17046
56889
41445
19008
21325
26254
49660
29234
61298
5579
28547
12381
20884
32209
54748
9491
27901
19042
40605
20651
36308
55587
57252
46524
52978
5408
45335
16797
60491
60257
43943
-1
38033
30193
32941
16311
14200
15170
10331
10501
61155
23507
60072
58586
36937
62489
39180
18288
14401
4139
23419
16645
64460
43143
26544
7521
28319
44829
51848
41153
43428
16394
5623
51008
44134
48128
19390
8596
2574
18654
48222
34338
11229
7151
48974
19711
51070
59863
63883
9879
10768
46044
51847
1209
51252
1930
4958
48660
51771
25162
48531
38109
44948
19922
34997
6233
57612
59130
42889
34501
30266
25861
49285
2188
63119
26417
19173
60769
64347
3838
32060
37696
19199
61977
278
22966
43315
40751
28427
40631
5058
11211
24710
17217
18349
17818
50610
63537
36602
29011
60955
14506
44875
6726
27259
48296
44571
54033
46918
51026
1824
29395
34441
42949
17387
1192
56030
65272
770
14754
37479
51160
5415
34708
4438
25925
57020
39699
64600
20824
46373
34695
15685
30092
59128
14660
62550
5848
786
24406
52207
17644
6506
7585
36157
13591
-1
7303
21720
61674
4155
57165
18077
20776
42765
39291
27072
41754
39016
43817
45567
40309
54264
13120
34710
64004
65236
40104
23931
2261
2841
60306
15239
53777
16390
33509
9737
18759
8617
7555
14509
11205
26027
32776
3712
39914
39080
12486
20539
10356
15783
14091
38324
59689
61499
24333
571
30688
46492
3829
8647
34598
30237
20835
42314
549
12113
1828
7865
29873
43018
63903
60499
59394
9112
59517
28141
13781
40649
11630
45992
58354
30883
23418
65264
49978
5842
47504
58287
49763
12464
4102
52241
33610
37352
37660
58258
25972
62877
38374
33623
4528
3056
15556
11234
7718
18085
56141
63388
50061
39557
61826
27236
38076
63521
62331
38166
19598
18363
5724
1276
57112
51698
248
34162
6666
2683
8229
17083
62226
59969
57043
2777
2389
62216
51549
26140
20458
5965
44179
-1
20365
64609
33838
366
32746
39527
20878
29669
41275
40726
3724
62821
50778
29856
55029
38122
22094
6665
1237
499
29129
37070
14877
65286
55942
60006
61685
19847
1082
10852
8020
29795
3687
13090
26030
46658
25962
16082
13350
8899
33086
43025
25556
18203
30536
48926
51992
26606
65098
15982
20945
57308
17030
30010
42031
61913
13417
53742
34988
7650
53103
28964
16917
4296
13143
52704
1750
18385
35809
41278
19173
50009
54915
29825
21847
44455
19887
60563
32129
48939
59009
38167
47330
61203
25591
57179
57267
30124
31991
22217
60929
23586
26564
25585
60056
60281
51270
50937
1507
20579
1206
60584
30711
50061
10705
9344
19178
17032
45350
44041
29580
57567
56225
60247
35927
12696
37190
8502
1408
15228
52223
57803
25530
8294
38500
42781
15398
33239
52530
37357
14961
27979
24427
31563
19771
40372
24220
24604
51853
18793
65318
52354
32712
15293
42967
25293
44093
6359
57914
24220
7073
20424
58241
29596
22096
25465
45338
53548
8739
4590
15959
13907
37296
60563
61032
41105
20812
24396
36563
23628
58469
7393
49818
25278
63100
7859
4879
63370
13324
46741
37605
-1
31048
62366
658
64607
3182
59850
54713
11809
46452
43192
32723
19284
27831
28735
35277
1671
55165
58978
13920
51808
50431
14394
15020
57850
52649
11853
51661
43662
10758
51110
3613
11175
1520
44329
4356
49776
42780
14946
51318
56852
8454
33017
20393
39266
44643
47177
42045
9918
185
515
61483
40680
20378
28838
54905
19256
43309
52199
61398
16187
19301
41321
62022
12631
935
38325
4415
59641
60316
26048
62601
46438
-1
36018
25328
59790
8152
46261
39056
55586
18065
25956
7573
51554
8887
57996
37143
28126
57577
7542
54525
25808
29035
25959
45840
10521
45433
50450
16981
21322
9649
56888
19237
32839
52932
45109
48357
35375
29048
10893
54699
18662
28471
43666
6252
4107
34126
12057
37467
54545
13569
4655
52619
30507
47863
8895
41062
48896
51046
46099
31366
23652
33508
7625
43277
52041
64333
4326
34082
57123
42082
22967
22467
17724
21733
24421
63247
29663
29881
21812
3950
61902
41835
38835
50221
29415
59021
25896
49160
49775
31762
2069
28537
64591
20993
40063
4051
49234
31214
31171
22995
13688
64136
13150
44106
52202
63560
56385
3523
33244
41047
50254
64065
2956
55589
57319
58222
6203
62675
65340
33797
47826
26411
51242
40649
14947
43522
33304
40832
57156
2261
35838
30035
6622
50506
59320
30622
26003
56286
5018
44965
-1
27164
49272
17107
51867
5300
8347
45771
43671
43241
28325
31151
30070
8647
8425
3072
40730
34278
61391
49634
54698
1704
10796
57887
52763
16861
27432
4177
35378
13750
28062
41531
9892
10137
27485
15859
17824
18734
1661
21693
23604
13399
51735
40922
31602
37516
35438
56568
63072
53352
63855
52215
33544
28163
29072
42767
22068
40224
51341
13973
11692
57275
11725
37661
35310
46152
24758
20257
10414
40546
51601
10112
17615
49556
54444
30719
-1
29673
16752
36378
20151
43793
52675
17894
501
44501
52380
24244
14514
60396
53163
36120
60266
31500
23136
9322
13959
49319
63027
9241
58331
28100
6371
45132
5127
34832
46685
62570
58869
63929
14757
57116
51406
23974
25001
56877
4862
60507
29658
24345
742
41662
26216
22498
785
21753
60427
17725
36220
44097
36928
46363
23988
31960
14477
5986
39564
17678
34648
62811
53494
15989
9006
40630
62049
1392
21442
9447
20023
38464
3734
37398
47693
6916
27056
30715
49109
22155
30285
16661
13297
74
33683
19196
64058
29757
57803
-1
29067
40733
12221
4506
34082
44604
63482
46843
28658
6336
3234
13906
27938
4619
36951
39634
51358
40507
60361
58105
65321
18552
57194
51364
5051
65266
5356
41679
11076
25397
48892
35922
57159
60350
49358
51274
22672
33724
7081
42524
57295
19877
58562
55370
29797
51093
3187
14484
47351
23688
27999
26884
34450
61514
9806
52203
49712
28809
52327
38311
27337
7029
23664
30862
657
63270
9837
53687
57895
35984
27673
57768
59944
14512
28824
26370
55690
46104
18501
61640
44873
5490
41317
46541
29165
7821
39466
2009
44095
52459
36304
40216
57145
3342
17509
18015
28579
40419
62947
22958
60021
41619
42450
49056
24478
17515
44431
60741
41803
36129
56975
11686
15030
60234
2204
26402
65478
10140
54785
2603
39791
34505
43726
59711
12123
56376
3154
49770
15533
38993
1555
59245
22161
26944
62434
57230
50387
35136
3922
20068
63973
5870
13768
5073
17455
47315
15758
31769
51346
12145
57809
-1
5653
10728
19709
65062
52105
56587
4957
42631
61199
54203
51050
40455
3599
47364
18307
50154
60476
19352
28522
14308
6853
1855
51647
25109
36899
65257
29672
61843
42248
55671
25543
58026
26363
3207
11410
23535
46036
65401
54689
25155
12891
39838
28669
65327
42198
46226
37221
40818
60612
2292
33184
53110
39222
19128
60606
14897
47320
5594
64307
31925
21783
3749
12459
5694
51043
10057
46807
23080
60290
16567
60272
58539
47983
10563
20731
63530
32995
46778
30073
24137
10742
41711
10032
32359
61025
61905
31757
15859
60980
42213
2567
17606
14457
50035
42661
10405
45850
29673
59327
56492
16594
14825
37066
2382
5828
53962
12054
26623
23643
21967
55619
35568
49714
46915
64596
51046
42752
61400
55215
26953
9923
13544
47930
29402
26044
39510
508
57242
60803
37203
27634
54136
20257
61996
41469
61415
23603
28806
55525
40623
42658
35851
21828
46751
26359
-1
51911
46910
41053
26540
65287
44316
30790
54756
1872
10873
39600
11555
1463
3535
50023
14714
30822
1071
1646
54138
33375
61137
871
38812
44345
27226
49681
10268
56023
48796
42361
30692
50442
31066
15223
28356
32122
20090
23638
56153
46667
53955
10288
54873
38836
25015
27505
37925
11924
60386
16112
11646
18396
55403
32562
-1
26779
17812
44162
8062
65247
24462
19424
39220
4620
58279
31182
36355
63016
27031
35039
54987
57701
17118
1733
2621
45934
62479
14419
45423
59289
26582
46195
46401
52417
2528
30562
24922
11181
44864
28209
18410
50632
37689
12563
33628
55864
40914
23969
36930
57958
43151
45458
12559
26227
32365
19111
4767
58455
31459
43692
35773
27157
54124
48747
47640
9298
51826
58155
58073
30838
12194
21291
20546
4350
27946
41601
32566
40745
46456
21824
27941
59864
38479
39844
64770
32616
26421
65451
28645
-1
41635
31807
56111
23402
43505
59462
22958
27898
3417
40536
44507
55067
29532
33630
45197
46235
54560
26132
49995
13033
58798
29738
55087
54972
42921
16634
56366
6959
7923
1182
17607
27933
7044
43268
45822
26972
10055
44049
13293
31251
44042
54329
62701
20127
15298
25580
20338
38002
46644
55017
4033
41615
37180
42603
26126
53262
62418
62404
47036
17607
52377
4708
75
3936
9593
47771
23330
40694
47095
3033
44835
2708
65269
31231
59685
4655
5570
62396
59359
12372
60867
13080
24300
57120
51157
17458
58581
60493
30700
30570
5256
50086
5711
37222
2763
41879
58872
48484
52748
7617
63776
12565
48935
55784
22635
4862
4728
30335
23239
21661
45084
15716
2645
8751
63128
6075
22067
64661
44214
34796
25902
42578
33527
46559
45405
39924
4856
52827
35439
10768
24749
12851
13931
45876
6058
45914
64537
53839
46006
30131
20642
42238
56785
47191
-1
26606
25760
47927
49596
31561
53638
58308
29274
45312
37057
29825
4523
34842
14714
57865
39043
38314
60246
804
26935
26468
24409
31518
47473
22849
10599
11234
43107
42152
43366
36912
21865
54177
45578
18693
35846
28988
19223
23518
22145
41804
51365
18048
31009
58925
49976
12537
30923
33497
61743
10615
65532
1940
40981
4558
33119
18571
42878
37102
28467
29883
50729
29239
57042
23220
24712
38420
10385
47864
33023
14793
39347
44900
34352
52485
28661
4740
1284
27620
3765
21924
19934
61031
37113
20434
58195
8186
35902
35379
4866
63317
30143
14510
6448
1847
10073
8148
44177
61529
65301
45133
2118
49965
33058
45727
50796
15140
31155
22992
11367
50605
40495
19354
52528
35726
64877
36977
40491
50827
49424
34717
30628
43722
65405
42269
6471
31459
40274
15787
48781
9752
13309
45260
32089
54823
36000
34911
10650
7265
22769
1804
36184
13378
28121
2123
21714
30038
28532
62563
26266
41615
11070
12041
45563
18374
44912
21595
51557
57201
51250
24003
59032
61796
12572
48770
11583
13176
4262
50688
64610
27236
48063
57007
40999
31848
30326
1565
12426
58006
45117
52104
4294
3399
53219
41240
51340
56307
19766
10097
21142
40641
44044
56726
7116
16943
42024
56445
8865
57355
36855
36623
32505
6336
11589
7253
31540
48227
64855
29051
-1
46308
45940
19386
38857
20639
51625
63378
6098
20177
19451
47296
17191
2020
57025
47698
27745
45950
27683
12146
12483
31194
39421
28936
28732
9664
48635
28540
24041
17473
50333
10038
30612
60149
62938
60227
6000
36806
22985
28235
52508
20200
48769
42674
56766
24226
58115
8886
27228
47287
15329
57009
21725
46096
20089
43057
11890
11533
53016
58352
10648
29022
2783
60235
35504
34652
26319
15403
21226
4708
23320
51558
54324
30659
23667
39732
51015
25580
33388
44011
45178
35953
10422
50420
18963
54342
39979
61610
21750
29301
39730
33648
-1
6760
54905
54387
57946
1322
11470
60121
63961
53339
47807
24058
27680
9726
11873
48473
12558
52347
40519
41570
51021
7440
26537
24916
43685
11889
54349
10686
37961
23147
4001
10468
38235
65507
40040
61455
4168
24727
20767
14143
5658
37154
12343
27687
45954
4593
20807
52798
11098
57261
20484
14380
37268
33206
58534
54383
35533
45485
5334
7436
45949
38734
56456
19518
21179
34566
34016
65312
36975
31478
14405
16545
37748
45957
53370
29316
46667
62741
23642
35064
17815
55839
60763
7564
37741
19717
6280
63286
41749
55019
59861
43649
16700
59201
1296
1997
19814
2271
34248
19352
11350
9132
9490
1875
36905
2747
9922
60389
38218
55781
251
33316
28542
4781
29581
29581
29905
9554
24512
6629
47314
6620
41021
39612
55871
27555
44045
60948
51669
25736
23328
61087
8995
6569
59094
26487
23301
39521
16637
17464
30331
5141
27695
21056
14021
10865
24447
47827
61066
40394
17153
64556
63295
20896
43759
51241
44178
10943
7906
15375
22182
56029
38209
28572
50902
4025
43100
9992
16611
7281
24867
64209
44664
-1
49486
61001
20947
18401
52426
25463
33586
7917
62952
22552
51011
32835
33848
1906
63818
19859
37560
35558
15537
55893
56688
35511
55244
65008
41844
12329
52313
49148
37446
64484
53312
2106
63022
29328
28005
44448
52520
22726
18153
30534
26564
60710
48068
43920
33292
33833
61651
50744
57221
18566
57327
25503
61783
58810
50741
14876
59294
31397
28856
49794
13902
51197
4400
6606
62000
52831
52262
1712
56742
5853
35726
22314
49332
51033
36528
15
26343
27215
18939
42929
5268
27740
53979
34135
46642
27735
14896
40259
1213
25047
51018
5274
26467
912
53189
55367
58400
29454
7564
12790
12383
22623
25985
26747
60952
62979
4314
6712
58685
30660
33572
52515
28361
10663
13046
14386
39493
23509
61384
14848
54843
26454
43952
57223
16493
25433
55400
39539
16326
28517
2815
34423
43096
37479
16746
53822
25772
22671
60906
40914
32695
52307
44455
41609
63186
21414
25274
15458
48495
744
32562
52581
7179
35508
964
63815
6566
28281
34712
4872
54772
41696
62945
53042
6794
31027
19881
33083
57139
38425
11054
15362
20606
1437
35735
52089
55115
17228
50434
1124
34334
37568
21571
40237
62536
32040
25144
30478
55312
62236
35222
42329
-1
56004
52650
51019
3474
63680
51982
26378
13472
37305
80
29790
16476
45303
12194
3673
2633
57339
32426
19212
58827
43334
29220
43544
3326
37089
6625
49201
31071
9557
11680
25243
44785
38886
20756
43214
56139
18680
19719
59713
58122
22364
58214
52694
23785
3614
3946
55708
28454
48475
55124
39636
63618
60151
6574
29062
25714
35759
28750
63412
28727
4921
23021
50263
49900
6580
31589
46208
13296
52680
64433
23831
55778
46127
28202
9434
50987
33386
44092
7361
25582
60982
4422
2064
11149
39365
5103
24485
52272
6129
40333
50547
16195
40945
24358
26908
4055
28627
666
45024
1376
25506
63895
46510
57119
24157
28141
37235
44795
21628
33516
38793
5164
17526
49875
14422
31518
53894
1208
44745
59586
23845
63403
48705
8513
47299
36032
42767
61061
41500
3969
18704
39710
52396
3910
51672
56919
39266
13368
2256
59812
8974
18919
24721
44807
60467
24961
36833
4627
48992
63148
40133
12755
56001
18588
19544
54619
1084
64532
51912
13329
2563
41476
38238
39225
8501
49197
37258
40466
42486
59176
53225
61971
24952
34655
50648
54903
33558
4538
-1
54144
25977
10964
3068
54408
51104
47571
5782
44733
14829
29423
19992
11026
46465
23288
61385
44227
45012
12392
11802
30102
39799
4172
1568
23781
1295
57242
21222
43848
45870
29291
22386
43047
41769
8961
34054
10729
32300
12880
65524
39899
20454
49606
26639
31464
60735
11228
57242
43920
47518
58986
32941
8015
7719
43847
25547
27106
19372
17037
54483
1135
12965
28095
4679
46401
39789
15070
51335
487
13881
52954
51848
54034
9878
58750
23263
30934
32421
50580
48272
37046
3914
37850
23031
47612
36765
47460
51719
56583
14626
55961
2016
57685
17896
22274
63498
33813
20126
57154
3821
4575
33770
51150
55187
34617
31333
12645
54823
17989
4840
26041
26609
29957
38843
4042
36772
17496
22486
14777
1143
64115
27173
7724
41014
13441
42372
32675
16684
35144
26632
26969
59745
58629
17116
60817
3654
11080
3543
40710
52908
64335
58914
9082
26838
27347
4853
56192
38911
9740
39150
49147
37306
63185
43028
14135
57640
9963
22120
26810
9141
19472
23403
49381
63201
19927
44593
21291
30957
56990
38246
64783
19977
17313
31012
4557
27628
61081
26421
430
49533
10813
37244
428
27265
51480
18142
33937
50212
47349
9237
45625
156
35804
24442
23731
12178
58314
44134
6275
31011
43203
48162
3146
14956
-1
7737
16448
30691
6452
22280
11555
41676
8181
40576
27070
28326
16702
64320
47064
16887
58626
61325
64181
40691
36856
10297
17276
52900
45140
29064
4503
28730
22213
16218
57449
57484
26869
17365
47722
56296
22846
41510
7533
9749
9843
9607
24678
4242
63258
1806
13037
15790
28835
56188
36228
59069
23224
43947
43394
37972
54613
16732
34276
44293
9600
62281
4397
39646
46604
60385
38379
54567
56759
661
25749
61236
58320
1823
33507
16550
40093
15110
26332
44535
21847
51344
38900
46357
18300
8272
64274
8276
62103
39528
14953
62310
10813
51109
26829
45418
41780
35670
39511
32564
43343
53928
53800
61918
15984
41940
5896
5826
40173
22274
36956
55077
5312
47329
33211
29628
6860
55908
55847
37891
47730
36308
49273
29193
3725
13954
30812
20266
438
65114
25044
58549
20637
32945
7755
13703
23054
45835
24416
29549
25811
3980
23564
41800
47056
55527
27953
58348
40464
9780
13783
21494
1842
60463
42757
11418
42119
7561
38236
21506
6972
14018
21044
26302
57075
56928
53444
29936
49456
4458
64506
52368
28405
44760
15270
64017
44413
40095
16368
5068
26224
65312
56896
59895
48388
304
1164
52670
50085
15098
46592
52780
56331
29823
57875
6233
32235
55391
18398
12412
60346
35153
43327
17603
23893
35566
52878
4957
33585
33479
48876
-1
3039
50965
10964
11042
43437
49194
2582
49869
28062
32693
58552
43184
20862
54103
14712
3743
36814
46179
33352
39729
57737
61997
43677
37373
8029
28778
3120
32632
37186
2304
1779
17785
41704
24634
23580
45840
5574
39814
2453
15820
51029
1741
5296
28229
18352
50445
490
55318
5874
5229
33410
31103
23965
330
43634
46657
8959
18171
65118
57501
14667
40900
16877
29370
1817
63141
41635
26863
25732
1348
18599
41433
12405
39506
13270
18372
57368
39582
14833
51012
26374
9188
32874
29040
65012
16013
11867
16622
50209
50649
38717
10551
13177
21104
22074
10046
48493
3486
15435
-1
5420
934
28199
61899
33389
60378
46495
12678
6966
52111
52540
26904
45892
42420
51276
8689
57606
5940
41649
55391
64131
534
20665
63418
28603
24747
36733
53680
13876
1668
50481
62761
25091
65136
52469
5194
1465
53869
9804
61324
44597
14251
37656
21794
12559
10203
47415
43003
17642
18511
4541
39576
35715
58867
3180
6430
58895
5168
29737
3544
11963
47593
16684
2941
33314
44286
38842
12873
55395
17775
54404
23890
41061
35612
60073
33820
58689
47761
21072
10158
50580
6939
28735
6731
46313
33068
55375
49660
7147
16279
62942
29824
51817
8061
13610
52040
23322
46835
14741
24354
62280
60184
55929
53810
8848
57024
8528
52606
30366
7195
47308
5066
25420
60936
55206
13641
51317
20941
44953
56732
34462
24682
43098
9580
59652
19823
43568
14069
28385
10292
61974
17644
35244
19935
22432
44992
4896
45334
21043
54492
18086
64440
55397
23411
2302
16974
4437
35753
12999
28775
28244
51150
59587
57000
25502
209
37181
64970
33087
15448
5070
56760
49574
47249
41255
57944
49666
65469
47508
45522
48222
18835
53423
30921
52547
64994
57828
61978
51741
46067
1107
31482
43917
19518
31703
32238
11273
47105
19640
39517
54730
63052
14156
19249
15172
45813
53466
23125
37756
46361
44451
63467
5283
30046
48408
65080
12680
36930
50691
42256
27658
18646
9288
63890
19470
46714
39831
39832
56940
24650
60909
19135
40491
57044
10470
6202
11617
65020
51946
14595
42513
62004
-1
26083
63300
13426
53363
24661
41590
9474
4286
24804
62950
41980
13823
36556
21335
32030
35563
43247
39180
44274
19633
46815
28913
48940
35278
61643
7931
35481
19452
13797
31925
60414
56923
25145
49554
44026
8673
61373
60929
21916
30289
35608
59695
26967
21813
28222
53100
65205
14384
35973
31495
55805
11826
4141
49124
119
54662
25471
7855
16856
51007
29246
16513
19783
47012
29243
29199
-1
43830
51378
31000
47764
17624
4759
31946
22347
11487
11542
27497
62429
12408
28145
62108
46921
16158
20208
19991
1029
28832
60581
63341
10822
35159
59659
37778
15872
11212
64018
28940
10117
58229
22434
15862
54165
29254
34187
46426
36292
21479
34675
34963
15507
20052
5997
63805
57954
16059
39468
58870
62543
50295
34402
56289
24125
44817
41304
8119
33966
35905
4489
50191
35000
27449
62752
47684
8404
34885
13563
25114
51134
31290
2820
14567
20420
27693
2871
35725
59453
49848
40695
21235
35249
1179
24675
62289
24488
54456
24309
2621
46001
62423
51423
26408
58625
62262
7967
20222
1168
23051
45603
1328
30268
52530
45986
60223
28703
20710
60606
63487
48053
35281
41081
63662
38856
1338
49125
55765
47804
12885
49105
39770
62896
4572
60949
27345
29142
50892
18006
65526
13100
35807
42543
18427
13527
11521
57524
55937
12052
3434
33956
40146
9829
899
60290
26923
65445
32709
24355
-1
2794
33651
29
39581
46889
53930
16993
52886
24389
9596
44467
56532
37931
32169
2999
22605
28225
45805
43304
34563
50119
65001
50378
40839
44143
16120
61587
53951
58274
12705
7251
5259
54431
34884
61305
57612
34468
13807
39722
51972
13651
196
42696
57604
53119
6184
25425
42599
52528
12011
31128
56088
62052
47687
58497
48266
19309
17005
17602
44135
64478
46682
29554
35778
44999
1169
13882
25220
58570
29460
52790
56796
57164
11472
36906
26615
49385
36386
41890
14621
9420
46719
32755
40483
62271
39935
38226
55461
44126
14764
7422
52805
44519
20788
14006
39230
39644
43165
38815
3733
28378
837
26076
43728
4576
61560
38205
4496
47987
48956
1901
18244
16308
7890
41261
35936
31431
5289
38997
32445
58904
14973
19165
11393
25738
7572
14897
29616
65113
40720
9090
61861
5095
-1
33996
46801
26667
52357
3797
599
33319
53802
5798
27306
58915
47396
63999
18220
30578
24115
42512
11528
47227
22946
26072
14242
64888
14283
4660
44151
23928
55079
37322
61337
61244
21321
62576
20564
37481
16211
28141
61260
24899
64454
9642
56684
8243
61601
1923
23160
14764
37243
45373
23689
25642
49691
-1
31079
41760
32667
27886
40600
9469
13672
38197
4101
12386
43401
24611
27257
25948
15158
19963
9000
22770
8174
55997
6427
53601
7649
41179
59203
49381
35644
48123
60621
14746
29867
46150
54645
237
62152
54034
39157
40314
39720
45087
-1
5801
44683
45387
20753
29836
51080
28495
41357
58116
47993
575
4605
18651
54275
10
18364
24323
42872
25459
12361
12466
36944
30521
48910
42408
45035
51475
23276
55314
32279
33548
20056
42875
18420
53722
61923
20885
34837
47244
15090
46816
20586
42268
14287
65077
61158
20827
41796
56394
60935
64
33919
45471
61788
19723
21278
43821
8306
36559
57729
9480
45476
39202
51076
20537
9987
33423
65458
46831
60090
63477
26194
57156
50042
34144
56976
3069
59893
30272
36942
26400
23973
33850
58858
44988
35025
3014
56800
26523
28823
41005
53038
58530
17790
7962
24463
21997
62716
458
49148
14889
13803
28703
20705
5241
61034
51757
6142
56787
12705
41885
19949
6804
3515
32196
55369
41915
22048
12796
32070
57832
59674
36035
49176
23094
59781
35384
20176
55585
21526
48701
57863
58422
12923
19193
3145
60314
58121
6408
3811
26949
45534
18911
35838
45760
35202
16265
17144
919
39027
19308
48962
62065
57804
44121
8518
18979
61287
59002
13184
10225
-1
10224
28
36653
15838
19354
45784
54572
58934
36993
63231
25746
27148
16509
17341
10884
9853
59373
236
21558
25868
17496
5680
62791
32793
22866
28571
36418
51094
58617
49510
24513
12935
2033
48499
19253
51176
722
48862
54053
18117
35503
64958
37219
56386
1578
6572
38807
16027
194
34371
30203
40016
57173
44889
52778
26049
35756
53801
3638
8112
52990
51521
39442
22113
1621
52995
42400
1680
15602
3790
18831
59848
56101
64277
24225
17875
60098
19175
1047
17078
43454
27057
2844
16737
57706
54916
4051
4223
20218
55102
53028
2418
47220
22504
30994
42866
64997
2899
40827
54955
43469
53929
59680
18061
27234
54360
50408
24910
50333
39992
14584
21238
44238
27353
46731
33105
3218
11611
39806
46160
26371
56867
11212
10393
52375
62457
38842
51969
25448
15132
5807
54113
12719
40505
4327
21043
26433
47362
15285
42999
51468
50589
15019
28142
43900
29634
44637
40095
45
16048
45464
24872
6968
38523
20042
34226
32092
63401
17299
476
16981
11260
25707
50994
15386
11734
34780
12709
5379
34929
53720
-1
5312
61836
59744
40929
2699
52703
32255
8042
7758
59754
14574
51341
53469
30084
40389
28002
63963
37846
28733
11755
35778
9436
23753
27686
45614
61816
52837
38252
1154
59267
13970
27614
35945
41710
19595
14244
32193
28713
1731
57129
43037
9018
55741
40374
9444
49351
21574
37295
3643
2382
8600
13398
25042
50482
36425
49725
37138
19369
43902
24788
40002
44795
5381
6251
18025
4326
13043
24471
12275
3814
41476
34897
31770
15372
30927
23890
30808
53382
42903
20041
16102
44731
15955
63384
59798
35707
15534
20166
12334
49068
64568
43163
35480
9631
18370
60043
6294
57915
59150
47913
61519
53755
8366
38724
50613
5350
35951
55781
13603
57442
36902
62171
59495
44001
6133
14259
41159
60762
58925
5113
49665
21773
24280
18681
52347
57280
25133
28632
3886
43572
54882
54586
41508
27405
31167
5329
35278
25087
52032
56755
44910
46974
13999
55424
64620
49445
52868
840
47230
-1
20276
43991
7248
65085
7799
51615
25132
48738
5997
35900
40715
29153
28056
58543
40208
56122
25918
36345
17014
61805
48221
58709
33470
25702
40596
47834
45318
63864
2618
53482
13680
38384
2751
17218
51896
47143
18819
33682
57107
55581
43053
44011
4605
36051
23399
49981
46611
8662
49157
47459
55212
44665
8241
8610
26245
11126
19332
23633
41852
54135
53634
26465
20365
48380
31833
27920
51248
55658
1628
24181
56255
25971
25918
34981
1295
42520
9130
38354
42318
58991
50754
24701
10352
46160
33062
1459
35776
11312
61231
28212
59302
14876
62386
34136
6781
19989
34129
55113
4935
979
58160
34976
61300
1631
51395
27599
8637
23061
43346
64391
29568
38826
40863
61652
42327
54457
20344
49985
27836
34720
37913
1161
53532
38969
23497
965
9753
50891
2215
61346
53671
55808
22213
38669
4672
3710
32621
40638
12534
10162
25604
5608
6288
34845
61778
35819
61513
23682
64777
29538
1184
37872
45696
30091
59941
41594
40669
29136
47855
33628
55877
62013
1089
7625
50650
51306
28130
57956
33477
42931
32363
37556
46806
12860
43946
47564
12971
28497
27440
9612
10718
59368
52427
8757
16511
28831
37754
46175
64392
6341
31340
56870
12717
52195
8491
43593
3085
42057
26102
36034
49916
38109
46370
33437
33576
35554
64544
6216
438
34329
7969
13315
7845
49844
65378
11439
42563
63599
15442
49327
47855
1555
61474
51989
25981
38228
59236
39642
3040
3736
48885
51756
19327
5712
1457
41792
57596
16344
35929
53153
62920
32786
60144
39990
38066
6045
17677
43425
45123
-1
28925
37928
35609
26716
7860
45926
9933
64897
16284
8857
56145
21752
59702
28019
34471
31841
5158
13007
32437
16684
12778
48752
37831
29742
45490
20080
10071
28781
59142
57892
663
54944
11866
61387
60121
43070
10212
44804
57871
33256
6585
27716
33998
64068
4582
27353
44932
19499
55130
60026
3772
18904
35401
35235
21471
17875
9062
34621
253
63400
12364
61718
13018
43495
60462
23594
47072
25740
49544
16181
13465
36177
44980
36825
21736
6302
9055
5898
52731
47270
46781
5249
60811
64166
45785
23976
64004
13613
63724
36837
49712
2357
21497
53775
20677
58783
62668
32854
14286
35185
46709
65073
21159
45352
46427
15122
1605
15824
19573
24994
9966
12296
45327
44964
63576
38099
58530
5712
54670
24370
35139
56640
19890
13611
4275
53252
7853
931
21058
61946
34895
18939
33099
40983
11783
19394
4573
50154
46000
7550
57216
27977
47395
60980
9985
4530
55238
31054
22244
30063
30583
42357
4969
60571
48109
13668
22510
54049
60653
64450
6132
60754
27278
51249
44036
40852
61902
11621
43627
18986
59192
24383
31680
35924
36140
7426
55759
321
40716
50671
4458
34611
11884
30548
54854
10569
13895
20755
64571
55777
5546
33007
822
5387
-1
55048
2498
4413
48999
20748
5962
37201
29250
3080
22816
9778
59270
26669
31706
22054
11254
42009
32301
18315
26127
16205
24522
39462
37291
45515
7577
40361
10327
12987
63680
62063
3574
34884
35876
18358
39782
37695
59474
56152
41879
35903
58036
64399
50118
50037
4941
60388
51381
53035
58526
24680
6165
13343
5496
18103
29355
473
3127
39416
37829
63744
21952
27599
43636
38308
58211
16662
38907
18373
1633
18301
56471
19126
28288
44790
40731
60865
48692
51626
127
59281
35337
11717
54322
31484
123
17296
6130
5690
9869
31506
52564
31781
6677
55403
58763
17477
36776
10949
14308
5794
24510
2157
52682
28718
4263
31569
59466
27561
54666
4282
40021
25767
25255
52339
49920
51538
62259
24107
36204
52652
4077
16269
25878
20659
27031
25312
24459
18116
58952
48942
11356
10854
9613
48464
25781
65534
26134
43228
44168
50534
25607
61347
34296
39563
22066
49907
9315
32729
50061
65190
20459
-1
28542
39697
20904
12389
50105
61116
53304
45662
62980
33835
47291
27654
4171
5219
24995
2867
35714
42728
20783
39441
10870
58020
13199
45906
32693
2053
43961
915
64352
57990
46465
17649
23192
34752
6263
26845
36534
44171
10517
14358
3972
29464
9516
6399
27063
59976
15793
60091
42046
28723
49864
4485
27943
62926
45102
37004
43965
36723
45450
18835
62259
11650
7148
64935
18317
34190
57686
55361
17043
26258
2123
33358
15561
2293
2094
33521
26863
35952
43008
29777
28079
51214
43807
12174
5624
46828
13340
7578
9651
63589
53615
63765
3478
36424
62892
20717
24902
50853
52977
16778
35157
10476
57860
44374
40407
52530
11345
45633
61313
39700
22011
44728
41857
6425
53068
11939
11332
5949
17646
36081
11504
64627
50680
1000
23800
4107
42774
29407
19728
13471
13579
28889
11633
45667
23774
11824
29730
37288
21519
8598
61150
36846
434
41911
20172
13566
27980
58222
48629
64300
11512
41060
23189
2552
49444
4702
56060
49145
50073
37966
45375
57070
18856
58287
47419
53269
25032
10513
3015
5418
10214
43543
16804
10048
26195
20142
62874
31891
63008
14002
14063
15176
17693
20319
3
64961
30458
60814
39862
65367
4445
26335
44662
6749
45165
18103
18761
5
32792
868
57893
8814
25786
52998
65327
15195
6806
49944
5140
52601
23640
57298
39011
34230
6612
25533
3096
15794
35879
37507
60901
13730
-1
26144
17929
62849
29450
16878
23529
40505
42799
45812
52531
2938
34113
40744
60197
3196
48886
62542
28489
18108
28109
33913
24243
20035
20106
25815
61040
42273
39020
21172
43469
26482
36320
59596
34532
62885
3651
28766
50573
45764
55410
10704
36176
63722
12187
6354
38210
11737
33803
62223
41371
35112
34843
23694
41057
14134
45157
63816
59211
34015
12379
18995
57333
4329
59706
3220
12004
50109
12496
21016
10099
45067
16587
53310
1045
378
61689
58929
-1
23390
26263
36964
17314
6117
33544
50090
28738
27777
37302
46984
599
37079
44032
9805
22586
53397
41537
26527
38809
50751
56900
47449
63439
14892
61181
41836
42980
558
3018
35788
6654
33176
28517
57576
61382
56540
48757
36639
17760
36011
54555
58876
7560
26067
37198
49889
27341
2548
4554
60228
24647
37008
50925
65198
22808
61494
30148
43474
25172
59421
51628
23253
47465
25672
33588
25804
60990
34259
36133
35894
19492
24004
29226
43367
7896
23261
2798
20425
6233
3989
33393
33855
57712
44074
17809
46327
64249
5296
40194
11324
27433
11500
40527
61125
15326
5133
10997
17134
127
60273
12853
28464
21974
3715
34653
49145
35225
30788
6827
38743
43664
22953
56997
44364
31389
60949
8186
21322
21407
63910
61727
4966
53435
58068
62314
24658
46726
29951
21511
21915
8719
46197
21235
36791
32990
47636
56069
8642
63561
60959
30099
46264
58231
24880
8435
27413
37919
550
29336
56773
65013
54870
21584
-1
41871
62779
24417
41864
38486
8503
28477
57641
3821
29521
34586
42766
14854
22844
1386
30642
45171
1380
57096
51351
9209
27990
45138
57710
57624
12680
35018
62747
65355
4088
8598
42706
18464
41084
56202
15287
43014
15730
25167
27812
64490
16707
6613
63875
31923
52167
4840
50510
12098
11521
56066
44308
1293
35866
42030
41399
48887
45785
44340
25356
9078
28609
12181
32697
15779
9163
22468
4348
17403
50033
32184
28720
19792
15227
16992
13108
57832
30501
7076
65462
42057
-1
42174
42978
3133
11477
19754
4619
20494
23085
61920
41739
969
8044
388
45611
23880
36111
62696
54094
18936
57407
29145
47660
41523
8987
1597
23159
89
20557
18030
1960
63537
13024
4215
23747
24796
12403
20405
19258
17827
23438
45034
54912
26785
59167
62022
40044
10781
18616
55248
38837
62396
42249
46809
36423
60616
16582
15275
59001
58501
23502
55687
537
53491
44134
32869
45677
54983
65043
48815
12324
60743
45067
-1
43980
4302
2407
15748
16106
22029
12766
54972
38067
51675
51003
20659
21877
3697
15930
3284
44600
6818
64624
63035
1407
55188
52737
15324
64403
33950
27418
64566
10635
7325
42867
4821
42358
23248
11072
49442
10930
57456
11845
31707
35279
56969
45342
3559
55442
62124
43102
39379
64437
6032
22346
5089
52974
24680
6608
59126
47064
38564
36171
1907
32690
34282
24020
2317
60107
44317
22053
56963
59788
16923
59263
40868
59080
50972
10023
64946
37451
32974
6552
43158
5695
6561
3161
22058
53812
65009
40986
56874
50300
21059
49070
50040
57265
30113
27004
28051
33650
12808
27126
6619
546
46461
17652
6995
4805
50718
25411
25553
39718
10652
59835
3874
37352
8079
27944
27598
10129
16437
26997
29830
62817
56848
5466
43447
39428
43955
8740
65316
44446
55750
48152
31537
14303
42116
19983
21446
64003
54308
22883
622
39062
40582
23294
7443
8735
37707
62553
25815
23741
34252
63074
15038
29800
537
25421
34781
58957
61167
27657
349
-1
39642
10192
29457
23763
58576
26579
1170
41933
41400
38149
15611
53895
55636
62862
24374
6683
65475
11402
5643
37624
10638
52909
35135
14164
12382
47844
44895
31128
7463
55649
45419
44198
667
62784
46703
13614
59842
34659
34065
54922
2036
23730
17290
37557
4409
32247
44920
31538
43564
57888
58006
11668
51760
63367
52510
12517
43089
30481
31570
15599
13964
4923
16150
-1
28451
46248
11399
52979
15162
42272
63948
17260
41433
32625
15100
13366
2973
33761
32593
26747
-1
52731
6091
7831
28092
18923
40688
52089
57940
53149
25845
19800
1453
35336
24965
29055
22819
48189
61364
13423
48360
59138
10292
47374
20644
49561
57598
49039
49788
2112
64151
30222
11666
35669
57655
-1
33897
52918
39060
60656
5086
17493
47740
6049
40448
51161
42488
36517
42806
52234
13565
53951
56703
53639
24400
52705
42098
31315
27894
55704
59825
35765
50761
8232
30370
12311
30509
42675
10095
60130
28711
24033
23538
33710
8324
32296
41101
13425
31093
2048
9322
49087
40547
45284
25022
56344
56464
48459
4367
11369
33943
3208
12742
38350
37205
64841
20844
2437
46237
2547
56473
24465
13160
47226
31696
51415
26493
48218
12966
43369
4898
31511
48072
14082
56076
15474
11635
57270
50338
52493
25808
36162
3362
25853
51409
27768
1280
31775
57125
24051
24765
57145
22670
44116
19551
12156
45042
34114
28047
8176
1447
6870
61609
57611
9780
46063
14350
48155
14133
34583
13492
23983
33018
15861
61885
16772
42555
13312
53713
10151
47327
13971
221
61423
5291
5265
26220
61956
16941
28444
46162
61625
7259
43344
32342
18762
54605
25146
21310
50935
7162
7169
63437
37995
5681
28819
57523
18820
29377
31005
14582
34892
51153
39108
56169
-1
55692
17737
4327
62216
34479
55169
34863
2059
25224
61082
27298
45551
48111
64575
53917
8208
33850
64656
26761
45327
24679
21645
3911
65219
36094
25138
6542
14126
19046
11076
45842
20982
11776
53419
15056
7545
28370
24528
2671
28832
29340
37317
47269
38727
4019
53133
44927
18169
29047
8483
39076
4579
39678
30471
9024
33240
25197
12224
29364
5704
7972
22780
7291
50979
15973
38213
25556
40160
56290
48026
62130
26614
36107
11604
54283
10669
28115
38193
22945
62641
40576
20521
38240
11447
7479
51703
60688
5822
55086
62139
5598
42631
8245
22039
11595
59191
45868
50318
29155
9710
63383
37558
55606
43673
62029
44217
36032
11978
36946
17417
41895
53765
23847
17095
547
2522
14120
61190
34853
13865
22391
63462
62948
26973
21915
51009
21321
16527
46231
43777
38746
65097
47745
40868
9726
10717
45303
8873
17206
16958
56290
33622
12906
23795
53302
36595
7884
16438
51453
59585
55522
59969
31321
4426
44721
9892
35395
65149
59886
17847
14588
413
64192
51367
25778
40670
47676
47613
63495
42000
32908
11828
22683
12634
42274
50559
10360
7760
11469
17799
50501
47228
39482
59235
571
21423
2186
54161
23190
21777
13999
17054
55380
16763
-1
5039
18638
4917
16405
8879
50541
26841
3920
56109
60745
24599
62140
755
31376
20210
54187
45767
43035
43189
40537
3860
5183
21310
64403
43704
63089
16524
45326
23109
18191
22430
16520
3041
17897
43082
4050
35081
46452
22115
20880
54406
9330
58994
48155
38285
38294
60050
60210
45356
-1
58737
34987
47282
29358
5562
65280
16450
11898
23740
717
9542
34306
46458
56864
29017
57277
29476
54215
39597
39172
14290
40037
7790
56038
55540
28597
15115
32722
59956
2917
60559
562
33840
9752
38545
8993
30516
37256
2334
62726
36259
39629
42594
28407
63585
47834
9054
14251
55705
15690
36173
30309
268
56186
7788
31136
50088
40776
46002
45454
46906
26973
42528
8349
18320
57758
14018
40047
48062
38572
24811
26417
14863
6449
37907
4306
37158
18121
42323
22875
26924
24179
30791
10127
5767
37236
14578
26357
22572
39941
19952
49375
9134
13246
14952
4093
52349
47304
8619
26708
34547
19323
59341
54142
49922
29356
4258
60815
52751
50422
25954
25797
18371
12616
49074
17059
4404
51141
21605
58594
2239
21489
5460
62016
23301
5581
1199
15822
34243
58095
24931
16790
44646
30760
60395
47504
13925
38093
53146
32667
48833
47869
45298
44001
46357
39760
62592
56787
41627
51031
7840
64285
45998
21541
14033
49042
5260
48620
60965
10942
57545
48245
30761
55465
46828
16707
64624
46768
36242
22929
22841
37160
56231
4298
37980
63686
13593
3208
19546
20616
48689
61089
21657
5281
-1
45140
48304
59466
32426
23457
25600
8727
30019
8649
53356
38393
34262
54489
45898
27599
46563
31888
39818
47574
38348
34976
7718
17455
58152
58222
63072
57390
38657
28829
1852
6030
6367
26332
51454
669
45676
32168
46301
55400
58785
53619
40714
15051
13751
40435
3966
19981
61115
54409
44481
9095
25667
31381
20074
80
41582
57604
6400
35980
5680
62402
14997
21644
4358
20592
38470
35953
14696
49085
38526
38281
62135
9091
63632
65028
29269
50300
57658
50878
57118
28094
13334
32028
15380
57543
48452
64487
33695
49819
57655
31762
19120
58652
51124
58601
26170
58453
9151
55549
40160
36523
30486
45772
25858
-1
22200
22718
63687
41333
21919
21909
12145
44313
64496
63920
22042
30481
29812
42839
60654
16888
38088
16312
31186
25908
35038
2775
20749
36133
22445
58502
55142
51790
59063
57133
29171
52658
52448
-1
61020
24971
17362
39425
30912
19260
10085
53611
19704
4558
58863
23590
18688
34780
24944
51625
58547
10925
26678
62604
24748
35385
19518
28245
39795
50131
7020
63017
56486
32899
58275
8774
4047
7524
20770
44072
54540
64812
46210
21854
18489
472
13475
-1
57049
39602
54894
42978
56715
1882
31301
12104
35195
37096
11749
62266
11369
47507
10076
35345
65499
49574
10054
23566
31799
1111
55337
51641
63840
16406
15126
11395
46084
39484
42284
65442
62971
60549
34145
32870
22153
6949
32704
48551
24085
8294
45759
15850
23866
28479
-1
45199
40131
2391
27789
57861
44258
20824
7709
64306
4508
8515
19950
52179
47942
46617
30219
56764
28533
22701
39519
63279
6768
11636
34986
3729
1812
49762
8427
52805
63020
63693
29666
48100
45469
47624
58357
57100
9597
12441
34219
40253
18963
32204
62072
58469
30795
16098
504
42135
9536
29195
30792
46928
10589
1229
22386
15032
34717
5668
63364
56997
6874
5707
7535
64764
26802
21664
21176
29381
23937
35372
60842
53444
47162
58963
59348
8609
26944
697
43552
23116
40956
27898
11903
110
55265
37453
4795
31265
36049
52240
15840
40634
35568
56673
27029
61488
47310
44816
35334
30068
27664
59467
56465
21741
710
26376
4327
22230
40713
62689
46185
35780
52727
31698
49551
18492
6482
42946
51633
26889
53008
62092
48439
22877
17237
48111
34012
1823
22103
53402
32748
40170
46587
410
65174
4745
11857
42346
-1
8719
24667
51552
1212
42542
22873
28270
21560
44118
36386
30996
41826
29676
33777
50373
48138
31691
55983
57494
50855
11563
61172
54546
34506
63351
58985
25967
57927
62367
20894
43970
13480
64821
9305
3723
36386
39792
40557
18946
64483
57869
22354
22761
58956
6774
39171
11369
41959
47748
30249
24358
32318
19170
27898
56672
6357
8656
45244
1870
19758
6807
34474
44642
5580
10317
41471
4673
58875
25943
64089
47213
15792
24748
40192
33189
43962
14871
34051
59874
62931
8779
13881
48756
44823
29358
2776
60882
56724
19693
64533
4710
25922
45726
18521
15733
22373
12745
42567
7029
1874
10657
38806
22423
42565
840
62741
24065
39860
24310
35518
2402
64162
54298
30639
20040
21019
30186
40515
25412
8362
42264
2948
54143
40036
16591
27031
16936
30316
13812
57406
30059
37982
29631
1139
21840
51262
35837
60758
33094
40860
56373
6096
40713
46238
58224
19373
35603
62457
46625
64223
53950
22706
24315
4959
20407
57939
31291
27093
30993
36172
22104
27942
59758
47848
20338
18278
10021
55997
948
46782
62608
46330
7825
21537
22266
33883
52414
34472
63358
6834
35664
38953
4119
29424
55370
32784
63121
35549
33474
54728
52781
52443
54704
52887
45434
54484
35281
48617
20006
28096
9743
47821
28687
34531
28719
44130
65479
16514
48590
10832
59397
56551
28003
11070
10040
30849
20598
44441
21685
32444
47023
1651
30806
-1
32732
38037
50223
17391
39793
47831
18012
59984
9783
34097
49426
34692
57916
45574
56516
21614
52483
17813
23605
59591
44439
50029
43627
38257
38125
50020
50995
50367
41804
20181
23658
62124
62611
14547
24581
36181
19388
5551
46324
6472
35963
43092
54351
28063
59079
18962
4278
10110
18556
44458
308
65070
30912
52744
37527
43465
39969
11950
20866
33295
52439
62237
58483
35329
8508
52516
17020
15054
49817
7969
55192
25055
51745
49145
37100
6773
49955
40253
28534
12777
30453
25330
15064
34028
19830
47991
32075
54422
19832
9224
3453
61424
50512
47943
62994
54482
35011
60560
47510
11058
10200
58627
2306
36970
18745
39465
12728
563
62152
48822
47691
1136
33715
12031
57412
58348
5739
-1
5117
64676
5277
49580
40811
11782
52383
13798
40744
20357
63927
21808
37347
27368
1730
61009
47593
33080
31524
22295
46460
47044
51167
15003
44997
64458
40492
48856
58591
36986
20157
36080
6751
6208
42473
8183
5664
30396
30628
29380
3829
6430
54788
56971
13977
3413
52308
23401
34381
33506
30689
22948
23238
64978
45430
35233
27330
49233
57750
13851
59536
26156
27993
3346
3247
63271
4547
21316
31265
30614
57814
410
42528
10829
49408
50838
36177
26723
52345
33997
60220
24636
38571
19581
65302
3882
21449
10613
4439
49648
45372
8425
46138
13030
62367
6865
49858
42267
59818
48350
28808
6986
10554
46414
40212
54171
62823
17786
825
19699
5172
55168
27217
46256
11978
12533
34924
63159
14530
27622
56445
7652
37404
46134
35460
8084
46912
57804
1111
3713
25639
54686
9037
7030
55430
19972
50995
4843
39582
37143
45914
37816
43779
65366
62925
64598
52177
18838
236
5490
59515
48904
60866
31181
32217
5276
59178
53613
28480
26662
12654
40360
16694
29299
57790
8774
42880
60789
6973
-1
58930
20470
45255
17400
28521
45213
32617
10930
7332
36549
17029
8275
3137
37765
36227
46573
36508
41870
48384
58387
38722
63776
65265
13001
49841
3754
54233
42380
29444
4839
29799
21589
31817
6906
27122
14467
22317
32392
44997
62725
31861
25423
41873
-1
-1
