500
75 10 63 7
7 1 2
103 37 24 196 139 22 16 6
11 34 131 2 3 17 62 8 1 2 169
202 523 2 1 7 23 91
2 61 3 73 77 300 3
6 4 1 98 2 3 108
3 257 7 2 11
9 128 39
62 3 52 43 31 117 70 88 6 161 8 2 43 48 1 5
1 1 324
6 15 2 19 1
1 47 57 63 6 226 264 1 48 8 33
2 34 34 47 43 3 43 16
5 3 22 4 12 20 351 98
5 12 395 15 214 1
19 2 1 2 6 4 4 3 1 1 3
37 25 9 1 9 1 1 5 2 1 22 2 1 3 21
9 108 3
15 1 14 75 45 2 125 82 6 10 1 47 138 28 7 7 1
1 4 88 17 117 67 33 2 101 71 94 14 31 62 10
4 87 7 3
3 1 4
30 2 7 1 122 1 118 19 10 13 1
239 19 2 5
1 52 521 2 8 2 2 1
1 9 1 172 27 1 1 2 6 74 11 11 1 263 1 1
2 6 9 2 3
32 2 326 4 1
12 63 3 57 10 1 2
62 4 1 1 43 15 78 59 20 5
77 26 380 88 149
4 1 4 13 7 13 1 2 1 2
8 412 3 1 17 1 11
34 1 1 31 3 9 42 1 6 373 8
2 74 141 10 2 3 46 19 1 5 92 5 50 20 20
87 153 105 16 14 41
18 1 1 1 377
6 1 24 7 1 110
4 10 26 2 15 35 5 110 1 6 117 83
45 1 1 1 1 34 92 42 1 5 6 7 258 9 31
23 137 72 53
46 15 1 65 41 59 239 64 56 260 10 42 6
149 3 4 384 34 3
1 2 17 53 102 6 146 198 20
12 27 66 17 1 5 4
239 14 23 395 1 2 173 5 16
1 1 29 2 7 1 36 11 68
22 273 6 247 132 4 7 9 2 144 13
15 811
52 43 71 3 33 40 3 73
8 141 21 309
1 7 12 11 5 39 415 11 36
1 3 1 5 4
42 423 250 124 3 4 19
1 383 14 1 1 1 51
1 2 242 1 77 5 50 73 127 16 3 28 103
386 6 285 66 5 31 4 23 8 1 3 10 6 18
79 1 45 54 1 101 2 142 5 334
3 1 2 2 5 16 96 24 2 14 2 37 3 1 1 8 1
3 8 4 38 24 26 40 13
23 38 55 5 2 6 17 113 21 24 4 19 65
32 123 2 125
22 5 2 4 13 1 28 5 12
1 58 1 21 14 16 1 64 199 1 185 1
2 41 1 614 6 17 82 3
18 5 325 15 13 10
36 19 2 219 94 2 100 25 15 2 9 1 1 28 1 9 217
280 4 1 23
280 1 1 1 160
30 21 5 83 7 26 55 260 43
1 35 69 31 1 1 3 3
30 8 31 1 2 666 13
11 16 163 1 1 2 272 1 115
269 1 38 8 291 48
1 35 2 1 48 119
5 1 94 38 61 283 2 9 41 388
255 2 23 392 63 180 5
1 1 56 30 683 9 4
14 15 1 215 4 2
177 2 2 49 3 2 1 71 1 175 139 29 288 18 5
86 55 38 215
85 270 4 181 1 60 272
4 58 5 62 90 57 58 13 4 31 52 33 51
23 20 119 1 1 253
26 133 37 24 23 8 3 3 3 11
27 20 102 9 10 1 16
12 169 1 71 6 2 2 1 9 1 58 1 4 29 4 220 25 58 5
17 4 3
3 230 13 569 59
223 7 3 61 67 333 2 5 171 61 3
25 13 155 26 4 366 81 73 106
548 11 9 2 149
11 4 287 52 27 196 3
280 1 26 32
23 3 83 90 5 2 30
4 30 80 4 3 5 8
10 75 1 109 16 208 32 24 29 2 6 3 245 1 17 8 1 1
5 1 298 149
1 2 241 43 12 5 9 12 261 38 2
1 4 20
6 67 50 1 91 3 34 2 14
34 42 723 17
256 27 10 41 5 11 1 6 1 42
20 51 1 334 123 242 27
8 118 1 68 2 27 17 43 10 1 1 39 1 213 12 9 1 1
27 4 2 6 1 43 52 18 64 102 3 54 32 204 14 1 2 65
1 17 1 5
14 53 5 144 42 42 14 145 506
275 1 1 16 154 5 163 1 7 57 88
1 4 25 1 1 38 1 129 4 24 21 21 7 64 1
5 29 265 128 41 78 2 41 1 10 39
9 180 20 7 2 2
3 50 18 25 27 51 25 3 190
33 1 40 1 5 18 189 169 77 1 1 1 1 299
2 23 6 18 7 455 61
46 54 6 3 4 1 2 2 1 9 3 17 12 5 1
24 174 18 12 275 168 4
2 6 61 2 52 3 311 195 4 10
11 25 1 167 3 130 3 2 130 19 19 2 6 62
2 1 177 629
1 1 2
145 208 2 175 24 223 4 1 10 3 43 94
28 31 198 38 3 116 9 3 11 1 15 36 14 8 9 62 5 28 18 93 2
10 6 1 34 1 12 17 11
503 284 2
12 22 47 2 40 1 1 12 36 1
7 14 136 79 9 24 1 152
274 185 2 65 6 21 1
215 160 226 38 1 110
23 2 5 184 1 7
1 4 250 3 29 9 85 19 129 3 32 8 1 1 2
289 2 3 27 16 11 8 29 1 2 202
2 4 3 51 360 4
1 16 69 4 27 1 1 1 1 1 26 2 1 7
1 39
414 5 2 100 1 8 1
19 1 28 1 1 2 8
52 1 322 4 100 106
160 1 2
196 36 1 2 182 4 7 8
45 6 109 34 2 21 5 12 1 134 1 12 5 1
178 24 56 2 1 4 7 2 24
238 11 2 218 6 4 14 236 218 3 10
283 10 8 59 2 12 2 3 211
1 16 2 1 49 2 23 2 1
16 8 1 6 35 3
4 6 212 81
135 3 25 1 34 3 14 285 28 277 119
4 16 12 8 12 211 1
2 38 2 11 29 8 2 4 1 7
295 4 2 1
20 94 4 54 55 23 6 33 23 50
15 207 9 5 11 1 77 210
3 39 5 5 71 14
2 24 4 1 1 341 3 4 250 69 49
4 9 139 12 3 2 185 2 9 41 23 23 19 64 449 8
1 25 20 28 3 1 25 7
3 31 68 44 5 1
21 6 3 31 467 300
4 63 2 18 1 22 1 34 31 142 7 54 3
22 299 118
93 12 1 2 52 200 340 86 30
24 24 5 8 1 37 32 5 2
6 23 35 6 1 289
1 367 1 41 116 70 3 46 97
40 213 7 34
158 3 1 44 7 1 28 89 3
1 1 5 17 265 5
2 2 30 31 1
21 4 1 2 55 73 10 51 111 7 1 168 8 1 7
140 2 3 17 8 1 28 6 53 38 14 2 206 110
10 4 12 116 1 309 81 6 1 205 30 33 56 48
1 50 3 1 6 248
42 51 1 1 7 5
10 12 2 4 53 172 292 103 156 14
276 8 9 1 145 3 1 276 4 8 143 10
3 75 42 18 86 2 1 40 1 2
50 18 1 23 1 3 245 44 1 116 2 3 66 5 298
2 174 1 290 2 7 2 2 116
24 3 204 246 246 78 147
51 97 1 143 84 67 1 3 1 14
12 122 122 385 1 16 199 4
131 1 83 2 5 5 9 104 1 8 38 13
5 48 1 1 76 3 1 36 1
81 129 17 1 2 1 3 1
60 20 7 6 40 1 54
1 5 1 114
3 4
16 93 4 2 1 9 58 51 84 10 70 88 15 17
25 11 25 36 14 25 1 48 13 30
431 1 1
6 173 2 3 209 1 38 1 4 3
22 2 1 1 2 3 14 19 1 1 12
1 33 7 18 3 37 10 99 1 1 19
83 5 1 2 7 2 18 169 2 4 79 6
1 3 1 29 119
5 44 12 21 1 7 1 72 1
3 10 1 6 1
12 53 1 183 11 61 7 3 39 82 121 26 5
26 3 1 28
1 15 89 67 1 21 286 5 3 114 334
2 1 10 1 31
5 115 14 13 77 196 82
5 63 38 2 45
3 12 23 55 39 29
1 23 2 4 363 112 1 2 84 4 3 2 10
5 1 1 60
2 2 3 1
60 3 130 2 24 57 1 10 1 3 14 12 3 4 1 3 2
2 39 26 4 80 6 2 53
1 10 16 23 22 9 7 74 1
3 1 1 39 43
35 3 9 2 3 3 4 14 11
43 2 215
112 86 428 14 1 109 73 86
126 37 23 1 1 17 7 119 10 4 7 20
7 431 19 44 7 5 316 57
34 9 97 8 36 3 3 239 13 1 67 1 24 1
4 1 4 12 4 23 2 1 34 3 1 79 2 81 7
61 20 1 94 6 1 3 1 3
10 17 1 25 35 4 5 1 4
43 219 5 1 68
102 6 88 2 2 1 21
448 8 1 23 2 12 30 446 1 10
428 1 14 1 121 23 161 1
28 5 264 500
79 225 119 158 13
4 3 23 165 4 18 2
1 301 261 2 36 2 64 1 24 1
143 19 1 6 26 144 50 89
6 1 12 6 1
1 302 10 1 3 24 404 22 8 115
2 15 1 16 282 6 1 10 15 276
377 1 2
2 2 69 1 319 23 412 75 46 2 1
81 3 5 9 3 9 72 158
2 2 1 23 1 8 215 47 1 2 3 20 2 1 1 167
331 3 39 9 7 291 75 133 8 18 21 2 11
7 1 49 1 136 33 1 17 1 2 5 26 108 11 54
309 15 1 5 36 24 2 2 5 37 27 55 26 3
10 865 1
331 403 1 123 11 1 36 39
43 196 66 94 5 12 108 1 20 123 5 1
17 267 1 29 4 38 189 1 73 1 27 1
1 4 3 1 238 185 65 4 129 12
8 2 39 44 31 101 70 11 8 109 101
4 393 191 3 5 2 4 1 9 188
1 11 1 3 112 6 2 124
6 3 6 3
5 8 1 8 1 1 14
1 63 9 161 70 8 2 245 2 51 5 2 7
227 225 9 120 22 1 13 180 1 27
7 3 1 2 13 81 8 239 1 315 1 1
22 4 7 6 116 28 258 2 404 10 1 94 6
242 3 17 1 9
276 3 2 2 116 5 134 1 2 232 205
327 137 58 300 70 18
51 8 22 1 43 230 86 337 2 1 3
357 73 11
3 30 16
1 63 19 462 155
4 1 139 9 15 86 2
1 3 10 78
4 4 30 135 28 23 126 49 127 248
1 1 615 11 342 2 2
40 3 3 449 1 4 46
19 3 1 71 451 201 6
126 112 1 2 37 3 96 15 7 1 100 85 70 1
16 2 3 9 10 49 41 5 1
219 25 50 319 27 148
5 4 10 4 3 1 26 44 2 9 1 2 1
71 385 8 10
19 1 13 105 3 373
53 258 534 2 16 32 37
6 2 3 37 2 71 68 1 40 80 6 2
1 5 37 3 15 131 2 4 14 1 56 1 42
2 1 2 29 1 14 9 2 2 12 3 9
83 11 2 6 3 17 14 4 1 19 21 8 29
30 2 26 58 5
15 1 8 43 28 2 40 20 524 22
1 1 39 14 2 94 23 46
11 61 12 1 17 1 1 505
24 48 1 1 17 8
30 15 1 5 518 26 173 203 9 2
1 1 4 5 1 2
61 39 129 22 136 37
661 1 1 6 43
2 4 2 57 1 194 354 166 57 25 42 64 24
1 65 123 3 1 3 1 1 4 48 40 5 6 23 4 29 1
116 211 41 286
1 6 3 15 5 11 41 40
2 3 138 25 2 91 1 10 10 13
82 7 53 42 2 17
3 3 12 1 1 7 13
26 7 7 109 40 11 48 2 182 6 24 18
287 407 72 192
7 2 27 36 2 6 38 29 10 9
19 20 1 15 36 198
129 31 16 4 45 11
5 16 172 38 1 9 103 13 123 4 252 5 22 165
277 2 1 5 67 6 111 18 2 5 9 59 4 36 95 3 8
102 1 5 410 2 6 1 1 93 120 83
2 3 11 22 5 1 24 127 50 4 2 1 10 4
60 2 854 9 42 2
118 472 10 1 1 6 8 344
1 8 35 273 269 32
3 1 28 422 83 53 170 85 1
28 2 56 106 1 55 2 1 12 2 13
1 376 2 2 19 2 1 1 86 32 273 3 2
284 6 306 7 9
1 98 3 1 2 9 82 21 21
7 1 3 2 6 6 1
58 40 34 227 252 174 9 11 123 28
8 1 23 2 9 3 70 7 1 119 1 208
2 41 18 21 1 4 214 34 175 93 67
3 31 42 280 24 1 1 8 39 1 344
3 99 1 27 24 1 16 1 1 218 1 1 1 1 161
28 12 2 11 328
11 1 48 29 6 1 1 106 158 2 19 1 3 5 9
96 39 108 14 68 1 147
4 620 61 1 243 3
1 23 393 2 65 1
37 41 5 22 10 1 6 15 20 1
3 8 10 17 4 5
15 5 2 453 101 1 95 266
1 56 47 1 1 2 106 24 32 12 10 18
16 3 4 1 3 31 137 31 1 1 132 7 20 31
2 218 1 109 4 159 41 21 75 71 75
154 2 2 39 19 29 1 63 199 36
96 34 199 219 18 29 28 75 7 18 11 2 9 25
297 167 6 2 39 11 1 6
1 59 27 13 1 4
19 124 13 5 6 449 5
886 6 30 1 23 7 1 6 20
1 22 1 113 14 12 5 23 3 2 2 117 1
2 1 1
204 36 1 2 224 48 59 105 18 1 1 1
261 19 30 7 40 234 3 61
1 1 24 153
13 1 2 11 2 3 6
36 17 79 1 64 8 6 12 55 26
5 1 4 54 71 13 14
51 62 3 123 236 29 1 462 3
13 1 146 57 31 57 1 13 74 2 1 47 3 5 12 196 1
87 54 124 63 59 10 9 9 62 5 142 85 1 1 13
102 93 369 217 18 11 136
2 185 4 153 2 42 1 7 1 2 11 26
333 57 1 2 5 5 260 1 4 1 16 146 5
20 6 61 1 43 207 525 7 1
722 1 86 14 13 3
12 24 1 2 1 418 428
42 370 19 10 60 99
5 54 10 331 28 2 1 2 204 1 29 4 3 114
29 3 11 4 1 1 233 87 2
637 132 4 7 9 16
1 1 472 81 42 3 7 1 50 28
357 11 299 18 126 47 49
23 5 11 153 1 1 73
22 3 21 20 1 16
5 294 7 40 173 117 19 18
1 8 41 86 219
65 255 27 21 11 172 11
2 1 39 19 1 11 43
151 7 34 10 10 22 64 3 59 11 49 1 11 21 41
8 209 6
15 1 15 1
2 11 18 26 27 7 4 4 25
76 1 2 15 1 48 225 2 14 135 1
99 7 175 15 8 118 210 8 36 44 4 30
1 21 185 281 2 1 53 176
1 1 1 1 1 1 1 1 1 1 1 1 1 1 1 1 1 1 1 1 1 1 1 1 1 1 1 1 1 1 1 1 1 1 1 1 1 1 1 1 1 1 1 1 1 1 1 1 1 1 1 1 1 1 1 1 1 1 1 1 1 1 1 1 1 1 1 1 1 1 1 1 1 1 1 1 1 1 1 1 1 1 1 1 1 1 1 1 1 1 1 1 1 1 1 1 1 1 1 1 1
978 2 18
70 290 2 2 59 167
69 1 397 5 1
3 1 20 31 212 211 12 33 6 391 2
1 15 367 394 3 11 1
1 2 7 5 31 243 3 74 1 19 123 1 11 267 134 6 13 49
1 2 41 65 5 22 406
2 42 184 134 46
137 5 71 337 175
1 187 28 183 292 3 1
1 11 1 1 53 4 3 1 7 17 41 46 68 108
52 8 10 2 8
6 1 1 1 226 2 313 4 1 40 3 1 1 53 98 1 12
10 9 123 49 49 2 278 87 36 2 1 1 2 11 117 1
2 3 1 103 6 567
10 4 43 210 2 329 100 116 2 6 35 1 16
4 22 1 8 14 11 19 12 22 6 1
59 6 219 35 202 3 1 1 92 6
6 3 47 3 4 3 15 22 3
263 462 30 229
51 9 3 66
166 292 161
1 4 2 554
156 1 38 9 22 1
11 170 60 89 6 145 53 451 4
1 151 5 84 100 43 10 4 4 27 54 2 213 10
4 5 1 4 1 220 1 109 2 19 326
3 52 68 20 470 60
10 5 3 1 3 19 35 51 330 1 85 245 20 48 1 2 3
44 212 20 60 251 19 9 4 1 1 13 30
4 4
43 1 35 19 21 9 491
10 290 2 5 32 1 38 1
306 1 5 17 6 174
2 3 11 2 119 23 1 4 68 2 39 2
62 66 7 1 1 2 149 38 53 66 19 15 148 19
1 39 1
73 3
16 174 49 2 6 201 3 56 4 11 5 3
143 42 3 49 122 13 6 8 75 29 100 8
15 45 117 52 83 198 26 8 304 30
18 18 27 102 2 73 4
9 1 2 37 1 66 3 79 4 31
2 325 1 13 3 230 5 54
128 6 13 18 40 92 297
83 40 191 3 51 7 19 28 1 149 86 1 1 14 13 2 7
6 80 36 1 1 2 1 12 222 2 6 69 45 2 3
1 36 2 1 241 469
17 1 138 2 273 148 1 28 175 1 2
6 28 5 14 1 1 2 135 120 310 26
1 4 10 111 14 1 3 103 2 16 7
54 103 20 5 1 3 2 69 141 7 3
4 1 540 1 1
3 15 2 136 1 3 1 418 101 3 1 137
180 52 3 1 11 15 78 127 107 35 1 93 21 48
13 38 4 4 18 1 77 3 7 1 2
9 3 7 14 1 1 8 93 2 117 192 25 17 3
44 1 3 81 94 1 1 113 48 187 179 210
14 25 123 68 176 117 38 1 2 9 11 1 1 2 4
404 3 52 11 1
10 1 108 2 41 118 1 80
97 134 53 1 1 2 52 59
1 1 28 5 7 4 8 4 4 1 17 6
85 4 38 12 11 167 31 1 3 34 74 7 4 10 124 3
3 5 11 66 43 186 283 9 372
1 2 447 201 32 11
1 1 6 2 71 2 30 1 8 3 23
98 4 1 1 124 178 20 23 41 4
2 1 122 80
1 133 15 311 46 55 1 6 10 280
138 182 32 15 108 10 14 4 53 58 23 85
5 16 199 1 95 53 150 30 1
325 125 238 130 22 1 10 31 30
49 30 15 18
455 26 17 2
1 109 11 4 15 39 62
198 58 1 22 53 199
393 17 5 11 330 100 1 1 39 1
5 3 37 158 252 171 1 2 35
1 2 2 236 4 7 128 310 44
10 3 4 39 1 46 285 7 1 53 38 47 1 1 21 14 2 38 43 84 173 13
12 1 1 15 133 37 45 2 42 66
7 3 178 2 177 129 3 25 14 3 312 73
71 2 5 16 26 267
5 5 1 72 7 30 25 92 13 1 1 46
2 4 94 439 1 184
20 6 728
153 4 43 18 77 1 3
23 3 21 30 1 10 1 48 31 1 15
235 4 1 58 95 365
3 1 33 9 59 4 1 1 9
4 6 338 1 4 161 15 2 2 42 4 1 124 59 1
2 9 6 1 1 74 40 33 5 2 2 12 95 1 53 34
117 176 19 23 53 3 107 6 303 18 14 12 1 142 2
4 16 23 8 42 17 1 5
1 130 16 122 5 1 2 58 29 5
155 206 7 130 121 5
1 37 3 1 1 36 8 3
4 1 1 59 1 24 33 4 57 1 29 98
168 550 4 11 1 69
22 4 110 94 312 5 15
1
8 22 82 1 54 19 53 10 6 1 4 102 265 1 31 154 1
67 1 15 2 196 67 5 37
97 136 2 112 3
1 1 6 31 6 37 1 102 294 72 4 91 2 1 24 11
16 1 1 5 11 2 1 22 163 152
125 2 54 1 2
2 1 16 307 79
7 21 207 63 155 21 4 2 5 1
12 119 1 60 1 15 12 146 24 18 11 10 269
11 111 138 6 71 16 33 31 18
1 22 2 18 12 23 6
247 149 6 3 5 285 3 170
286 85 4 6 2 11 228 11 5
2 139 3 1 495
3 18 103 463 21 10 3
2 19 1 264 6 8 4 278
2 2 2 2 2 2 2 2 2 2 2 2 2 2 2 2 2 2 2 2 2 2 2 2 2 2 2 2 2 2 2 2 2 2 2 2 2 2 2 2 2 2 2 2 2 2 2 2 2 2 2 2 2 2 2 2 2 2 2 2 2 2 2 2 2 2 2 2 2 2 2 2 2 2 2 2 2 2 2 2 2 2 2 2 2 2 2 2 2 2 2 2 2 2 2 2 2 2 2 2 2
12 3 412 10 7 12 10 37 1 1 1 452
3 285 10 9 66 13
57 157 26 217 18 387
99 109 28 29 32 19 1 1 4
61 7 2 12 2 16 1 252
47 198 494 1 17 4 15
35 34 34 35
1 75 2 15 11 2 32 12 1
64 7 48 124 3 321 2
